generation,N_shifts,logPrior,logLik,eventRate,acceptRate
0,0,0.124648,-803.831,1,0
500,0,0.277368,-804.216,0.849643,0.308
1000,0,0.11609,-801.602,0.958097,0.34965
1500,0,0.0901387,-799.206,0.82903,0.32
2000,0,0.246357,-803.673,0.88377,0.328
2500,0,0.000968823,-802.524,1.11244,0.306
3000,1,0.276465,-799.832,0.56594,0.323559
3500,0,-1.23725,-798.417,2.0075,0.35
4000,0,-0.88599,-797.638,1.59261,0.329
4500,0,0.0332931,-798.123,0.694542,0.298
5000,0,0.568133,-798.301,0.241632,0.325735
5500,0,0.200234,-798.202,0.541783,0.29
6000,0,-0.044211,-798.193,0.484028,0.318333
6500,0,-0.696765,-799.645,0.772486,0.326
7000,0,0.386489,-799.665,0.176818,0.307
7500,0,-0.308657,-798.602,1.21078,0.268
8000,0,0.26288,-797.784,0.201811,0.299333
8500,0,0.112124,-798.828,0.0642524,0.296
9000,0,-0.754128,-799.015,0.766479,0.327
9500,0,-0.65397,-802.568,0.540826,0.282
10000,0,-0.820301,-801.073,0.478951,0.311
10500,0,-0.524002,-802.348,0.160983,0.286
11000,0,-0.454538,-801.174,0.0738236,0.301429
11500,0,-0.821351,-802.952,0.00716171,0.29
12000,0,-2.00043,-808.366,0.66706,0.305727
12500,0,-1.83999,-804.578,1.19557,0.242
13000,0,-1.70674,-802.299,1.4214,0.294
13500,0,0.186797,-800.3,0.305597,0.29
14000,0,-0.157795,-799.315,0.00547622,0.2865
14500,0,-0.903073,-799.9,0.77518,0.32
15000,0,-1.1435,-801.541,1.29004,0.317
15500,0,0.0172084,-798.707,0.149933,0.292
16000,0,-0.459377,-801.466,0.509854,0.29325
16500,0,0.35094,-797.366,0.0919814,0.264
17000,0,-1.01122,-798.844,1.44839,0.27
17500,0,0.3827,-798.349,0.0182525,0.338
18000,0,-0.619077,-798.553,1.4333,0.297111
18500,0,0.47133,-798.809,0.350668,0.296
19000,0,0.436797,-798.387,0.128684,0.306
19500,0,0.57575,-799.498,0.0930473,0.3
20000,0,0.0599269,-797.657,0.584158,0.302
20500,0,-0.629546,-797.571,0.969204,0.296
21000,0,-0.684147,-797.514,1.06083,0.2945
21500,0,-0.115341,-798.856,0.198506,0.304
22000,0,0.134611,-797.751,0.245468,0.300333
22500,0,0.0747974,-799.488,0.49277,0.322
23000,0,-0.73375,-797.964,0.975359,0.318
23500,0,-1.75159,-799.501,2.17412,0.25
24000,0,0.357972,-798.148,0.265193,0.302714
24500,0,-0.499923,-797.502,1.10126,0.29
25000,0,-1.01276,-797.448,1.38249,0.298
25500,0,0.50192,-797.647,0.00695513,0.312
26000,0,0.400074,-801.724,0.097298,0.3078
26500,0,0.359902,-797.545,0.216508,0.28
27000,0,-0.802961,-798.466,0.998189,0.302857
27500,0,-1.07253,-797.38,1.37872,0.338
28000,0,-0.539267,-798.592,0.681808,0.328
28500,0,-0.279459,-798.658,0.433701,0.306
29000,0,0.883302,-798.88,0.0135284,0.312333
29500,0,0.546846,-800.092,0.333545,0.322
30000,0,0.71444,-799.388,0.0183241,0.316
30500,0,0.143162,-798.56,0.542463,0.318
31000,0,-0.380939,-799.993,0.13056,0.30425
31500,0,-0.120608,-799.077,0.0412671,0.342
32000,0,-0.338718,-801.375,1.06593,0.311
32500,0,0.554236,-798.066,0.0619378,0.316
33000,0,0.541469,-798.158,0.215156,0.305
33500,0,-0.000182666,-798.364,0.746616,0.322
34000,0,0.171981,-797.89,0.457967,0.306
34500,0,-0.287526,-798.078,0.894436,0.29
35000,0,-0.524772,-800.434,0.908946,0.30975
35500,0,-0.738717,-797.81,0.951184,0.318
36000,0,-0.408202,-798.157,0.931762,0.3215
36500,0,0.0623608,-802.037,0.106925,0.32
37000,0,0.170274,-799.746,0.176253,0.313583
37500,0,0.296045,-797.904,0.12689,0.318
38000,0,-0.347996,-797.746,0.708505,0.314
38500,0,0.0417517,-798.585,0.315235,0.322
39000,0,0.718171,-800.835,0.0658341,0.313444
39500,0,0.518412,-801.29,0.263069,0.31
40000,0,0.320185,-798.564,0.32045,0.318
40500,0,0.111485,-799.396,0.376934,0.31
41000,0,-1.77367,-801.098,2.15462,0.312
41500,0,-0.452359,-799.062,0.45304,0.314
42000,0,-0.0217952,-798.74,0.304427,0.292
42500,0,-0.519534,-801.924,0.348019,0.316
43000,0,-0.0344361,-797.44,0.673505,0.315
43500,0,0.575933,-798.279,0.0496617,0.288
44000,0,0.773269,-797.743,0.022027,0.284
44500,0,0.679919,-799.767,0.167152,0.326
45000,0,0.400491,-797.694,0.27207,0.3126
45500,0,0.346266,-800.197,0.339914,0.34
46000,0,0.711496,-799.016,0.100136,0.3075
46500,0,-0.21875,-797.273,0.749821,0.31
47000,0,0.575847,-798.956,0.00196635,0.3068
47500,0,0.0580514,-798.903,0.305362,0.292
48000,0,0.230825,-797.885,0.167143,0.315
48500,0,0.42337,-797.845,0.0321939,0.3
49000,0,-0.48788,-797.812,1.03681,0.310182
49500,0,0.389811,-797.247,0.0385253,0.302
50000,1,-1.08347,-800.602,0.593173,0.3122
50500,0,0.153469,-799.604,0.276625,0.396
51000,0,-0.106032,-798.503,0.457832,0.3226
51500,0,0.0788115,-799.348,0.259862,0.292
52000,0,0.272655,-798.184,0.137148,0.295
52500,0,0.113541,-797.807,0.123092,0.276
53000,0,0.182628,-798.128,0.417335,0.309
53500,0,0.172377,-799.012,0.370156,0.34
54000,0,0.308412,-798.1,0.508726,0.312
54500,0,-0.00778435,-798.178,0.625816,0.326
55000,0,0.260316,-799.644,0.121944,0.298
55500,0,0.0411435,-799.473,0.259329,0.276
56000,0,0.510179,-799.071,0.137532,0.306875
56500,2,-3.67687,-799.689,3.58567,0.362
57000,0,-0.933384,-799.148,1.47131,0.3195
57500,0,0.635078,-797.693,0.0155312,0.36
58000,0,0.502454,-797.897,0.207578,0.337
58500,0,0.517961,-798.168,0.209502,0.324
59000,0,0.352742,-797.649,0.0588836,0.341333
59500,0,0.0816357,-797.434,0.187303,0.278
60000,0,0.0710462,-797.58,0.288523,0.31375
60500,0,0.00823582,-799.024,0.534101,0.304
61000,0,-1.63356,-798.727,1.76081,0.313636
61500,0,-0.547974,-799.493,0.566435,0.3
62000,0,-0.496634,-798.947,0.500731,0.29
62500,0,0.0707876,-797.878,0.134462,0.324
63000,1,-0.781472,-798.303,0.853489,0.29925
63500,0,0.162016,-798.897,0.332924,0.348
64000,0,0.0545356,-799.834,0.56302,0.321
64500,0,-1.19713,-798.607,1.43577,0.272
65000,0,-0.512259,-797.926,0.766601,0.306
65500,0,0.0585253,-799.059,0.269927,0.276
66000,0,-1.22267,-798.768,1.28639,0.306
66500,0,-0.122887,-798.771,0.162004,0.314
67000,0,-0.100485,-799.483,0.231124,0.32
67500,0,0.0150089,-798.621,0.160554,0.31
68000,0,-2.081,-798.354,2.1725,0.31
68500,0,-0.650379,-799.529,0.436233,0.312
69000,0,-0.272846,-798.847,0.833295,0.3055
69500,0,0.362876,-798.844,0.0779053,0.364
70000,0,-1.28193,-798.94,1.12347,0.3184
70500,0,-0.396632,-799.676,0.434846,0.316
71000,0,0.267501,-797.388,0.0462247,0.305
71500,0,0.179496,-797.627,0.127915,0.288
72000,0,-1.10487,-798.166,1.42851,0.275
72500,0,0.265496,-800.512,0.188461,0.286
73000,0,-0.117404,-798.941,0.671013,0.289
73500,0,0.543667,-798.051,0.0310059,0.322
74000,0,0.161614,-798.145,0.540885,0.315
74500,0,0.125059,-800.716,0.255268,0.286
75000,0,-0.873681,-797.663,1.63337,0.305235
75500,0,-0.20064,-798.488,0.915283,0.348
76000,0,0.538088,-798.092,0.119059,0.322
76500,0,0.617731,-799.695,0.0596859,0.3
77000,0,0.425459,-800.904,0.212866,0.294
77500,0,-0.108,-798.834,0.587052,0.284
78000,0,-0.152504,-801.752,0.746308,0.304
78500,0,0.313419,-798.275,0.291184,0.276
79000,0,-0.802073,-798.306,1.32634,0.31
79500,0,0.0389767,-798.161,0.65804,0.298
80000,0,0.0415158,-798.787,0.311503,0.303
80500,0,-0.440045,-798.533,0.880051,0.292
81000,0,0.199979,-800.333,0.12458,0.297667
81500,0,0.391898,-801.008,0.0796318,0.298
82000,0,0.398221,-798.549,0.357573,0.297
82500,0,0.469835,-798.662,0.0895496,0.298
83000,0,0.255798,-798.286,0.128292,0.288
83500,0,0.703282,-798.295,0.0695591,0.276
84000,0,-0.666172,-799.711,1.49642,0.285667
84500,0,0.331249,-798.26,0.0972354,0.284
85000,0,0.305913,-798.558,0.166833,0.2928
85500,0,0.299022,-798.379,0.0332338,0.264
86000,0,0.00366883,-799.011,0.326571,0.307
86500,0,-1.13523,-797.247,1.65858,0.308
87000,0,0.338689,-800.125,0.273545,0.298667
87500,0,-0.127474,-798.287,0.756341,0.302
88000,0,0.251571,-798.102,0.213899,0.303
88500,0,0.0264177,-797.353,0.461019,0.296
89000,0,0.127181,-799.312,0.244181,0.285
89500,0,-0.270789,-798.263,0.876498,0.312
90000,0,0.197151,-800.808,0.13496,0.296333
90500,0,0.058278,-798.944,0.239601,0.284
91000,0,-0.82834,-799.268,0.853816,0.296529
91500,0,-0.267405,-797.857,0.626893,0.32
92000,0,-0.584228,-797.565,1.07971,0.298
92500,0,-0.456541,-799.265,1.0979,0.274
93000,0,-0.236152,-798.517,0.994946,0.2995
93500,0,0.204956,-799.023,0.296844,0.29
94000,0,-0.10146,-799.276,0.304128,0.300375
94500,0,-0.878538,-800.168,0.769218,0.282
95000,0,0.0479886,-797.685,0.44437,0.3012
95500,0,0.197761,-798.259,0.235063,0.32
96000,0,0.0748575,-798.669,0.0281265,0.309
96500,0,0.00981881,-798.52,0.021719,0.298
97000,0,0.0102806,-800.264,0.020566,0.3075
97500,0,-0.0605991,-798.928,0.15789,0.282
98000,0,-0.182402,-799.792,0.33542,0.297
98500,0,-0.147671,-799.897,0.162512,0.274
99000,0,-0.586895,-798.62,0.535142,0.306
99500,0,0.0980036,-798.284,0.147441,0.338
100000,0,-0.294102,-798.285,0.85562,0.3088
100500,0,0.17959,-798.32,0.0991616,0.3
101000,0,0.306996,-798.773,0.0017749,0.292
101500,0,0.305687,-797.489,0.159345,0.322
102000,0,0.0149598,-797.368,0.429901,0.318
102500,0,-1.81763,-798.778,2.06745,0.33
103000,0,-0.587452,-799.898,0.752078,0.298
103500,0,0.213694,-797.652,0.0493106,0.306
104000,0,0.355901,-797.654,0.106136,0.313
104500,0,0.406524,-797.331,0.0655586,0.304
105000,0,0.184173,-800.243,0.772205,0.305
105500,0,0.386303,-800.047,0.568815,0.314
106000,0,-0.163822,-799.773,0.726594,0.331
106500,0,-0.233684,-798.868,0.527248,0.308
107000,0,-0.301571,-800.791,0.855836,0.306
107500,0,-3.40864,-798.068,3.8365,0.31
108000,0,0.262398,-799.087,0.0807609,0.307
108500,0,0.469088,-797.505,0.13067,0.292
109000,1,-0.34578,-798.484,1.53695,0.355
109500,0,0.00761454,-797.536,0.417087,0.322
110000,0,-0.482074,-797.392,0.95719,0.313
110500,0,-0.445713,-797.483,0.812076,0.35
111000,0,0.421987,-798.771,0.00504944,0.312
111500,0,0.398221,-797.141,0.0893325,0.33
112000,0,-0.357818,-799.233,0.683818,0.332
112500,0,-0.0110186,-799.511,0.185919,0.288
113000,0,0.0982257,-798.455,0.328754,0.284
113500,0,0.40293,-797.258,0.0845688,0.314
114000,0,0.146757,-800.161,0.259552,0.315
114500,0,-0.770297,-797.313,1.30797,0.346
115000,0,-0.464101,-798.517,0.883112,0.335
115500,0,0.38922,-798.575,0.0286533,0.33
116000,0,0.0973133,-799.993,0.0316923,0.322
116500,0,-0.884668,-798.815,0.742018,0.292
117000,0,-0.110904,-797.679,0.482345,0.296
117500,0,0.29707,-797.326,0.0911047,0.322
118000,0,-1.68864,-799.137,2.16091,0.313
118500,0,-0.756587,-797.465,1.15812,0.338
119000,0,-0.892807,-798.949,0.893,0.3155
119500,0,-0.0223445,-800.056,0.0802208,0.324
120000,0,-0.114581,-798.279,0.212888,0.313071
120500,0,-0.108765,-798.829,0.29369,0.272
121000,0,0.127942,-800.142,0.386033,0.315429
121500,0,-0.224281,-797.869,0.548879,0.292
122000,0,0.347219,-797.797,0.128862,0.303
122500,0,0.034443,-797.973,0.37063,0.314
123000,0,-1.00532,-797.554,1.60122,0.321
123500,0,-0.119066,-799.694,0.789183,0.288
124000,0,0.658706,-797.985,0.183169,0.3036
124500,0,0.55428,-797.799,0.101961,0.32
125000,0,0.380214,-798.995,0.0606396,0.2955
125500,0,-1.21541,-801.498,1.08274,0.314
126000,0,0.182482,-798.331,0.133007,0.2935
126500,0,-0.541979,-797.725,0.81171,0.304
127000,0,0.434976,-798.473,0.146105,0.294
127500,0,-0.42641,-797.117,0.894337,0.326
128000,0,-0.290866,-799.127,0.205129,0.3043
128500,1,-0.363349,-797.362,0.0591798,0.36
129000,0,-0.614449,-799.446,0.698643,0.3445
129500,0,-0.00630401,-798.35,0.400893,0.282
130000,0,-0.896605,-799.503,1.2043,0.305
130500,0,0.735043,-798.459,0.0285587,0.288
131000,1,0.196075,-801.932,0.139807,0.321091
131500,0,-0.541702,-801.421,1.38553,0.344
132000,0,0.662864,-799.747,0.0143077,0.327
132500,0,0.162723,-798.546,0.0986489,0.322
133000,0,-0.291957,-799.303,0.16161,0.313
133500,0,-1.16731,-798.457,1.31028,0.314
134000,0,0.213633,-797.938,0.178154,0.309667
134500,0,-0.404101,-799.063,0.953207,0.298
135000,0,0.469417,-798.261,0.118346,0.291
135500,0,0.483451,-799.708,0.00197143,0.334
136000,0,-1.51798,-799.558,1.91307,0.313875
136500,0,0.542588,-797.542,0.00341022,0.28
137000,0,0.249533,-798.719,0.330049,0.278
137500,0,-0.742643,-802.717,1.31046,0.278
138000,0,0.759715,-800.273,0.197133,0.307333
138500,0,0.499845,-801.483,0.531148,0.316
139000,0,-0.559128,-802.284,1.39406,0.30725
139500,0,0.478101,-800.07,0.434457,0.32
140000,1,-0.211575,-795.898,0.893115,0.299857
140500,0,-4.35403,-797.683,5.05576,0.386
141000,0,0.430432,-797.437,0.0075186,0.341
141500,0,-0.113684,-798.288,0.233253,0.338
142000,0,0.52709,-798.008,0.248919,0.316
142500,0,-0.117986,-797.486,0.637616,0.336
143000,0,0.193887,-797.927,0.337032,0.3085
143500,0,0.0207044,-799.885,0.900304,0.34
144000,0,-0.0629724,-799.389,0.664205,0.346
144500,0,0.345897,-797.214,0.134124,0.284
145000,0,-1.72077,-799.753,1.77661,0.308
145500,0,0.119722,-798.083,0.105207,0.278
146000,0,-0.326337,-799.676,0.799243,0.306
146500,0,0.22213,-797.886,0.173854,0.342
147000,0,-0.23606,-800.01,0.706765,0.334
147500,0,0.294997,-800.808,0.0999563,0.334
148000,0,-0.411711,-798.074,0.871027,0.335
148500,0,-0.91769,-797.171,1.31743,0.24
149000,0,0.359569,-797.788,0.118873,0.257
149500,1,0.329923,-797.538,0.171237,0.328
150000,1,-1.57337,-799.821,0.992897,0.3118
150500,0,-0.20639,-799.078,0.421301,0.314
151000,0,-0.627568,-799.755,0.603185,0.341
151500,1,-1.68386,-796.781,0.44384,0.322
152000,0,-0.360989,-801.194,0.362732,0.331
152500,0,-0.22408,-799.317,0.424498,0.286
153000,0,-0.00831363,-797.961,0.263729,0.295
153500,0,0.121735,-798.05,0.56346,0.308
154000,0,0.521879,-799.675,0.294607,0.327
154500,0,-1.67755,-799.775,2.42312,0.316
155000,0,0.569985,-801.372,0.319485,0.31
155500,0,0.521877,-798.823,0.405256,0.302
156000,0,0.869755,-799.536,0.047548,0.325667
156500,0,0.706396,-799.876,0.0291885,0.296
157000,0,0.0367421,-800.186,0.61247,0.319474
157500,0,0.564738,-799.168,0.147632,0.268
158000,0,0.182874,-801.48,0.384555,0.275
158500,0,-1.17513,-798.911,1.84539,0.334
159000,0,0.542589,-797.66,0.132444,0.32
159500,0,-0.422213,-798.213,0.830861,0.318
160000,0,-0.0828089,-797.225,0.644647,0.3122
160500,0,-0.124523,-798.067,0.254188,0.344
161000,0,-0.509533,-798.589,0.604908,0.349
161500,0,0.230579,-797.563,0.112746,0.338
162000,0,0.230158,-797.889,0.206446,0.32
162500,0,-0.650137,-798.014,1.03194,0.318
163000,0,-0.0582065,-798.933,0.490128,0.320286
163500,0,-0.00218907,-798.11,0.581369,0.29
164000,0,-0.605712,-797.965,0.963141,0.3
164500,0,0.126768,-799.301,0.205997,0.294
165000,0,-0.0239237,-798.401,0.52543,0.3
165500,0,-0.481686,-799.695,0.943055,0.322
166000,0,0.077716,-799.425,0.128688,0.319
166500,0,0.127249,-797.555,0.113269,0.302
167000,0,-0.264118,-797.632,0.598283,0.307
167500,0,-1.19245,-798.288,1.50259,0.29
168000,0,0.274535,-798.888,0.0822097,0.316036
168500,0,-0.243072,-798.811,0.700259,0.296
169000,0,0.449597,-797.823,0.252986,0.3133
169500,0,0.643688,-798.925,0.1403,0.316
170000,0,0.674355,-798.668,0.17581,0.318
170500,0,0.639004,-798.812,0.235229,0.32
171000,0,0.410061,-798.016,0.252408,0.31225
171500,1,-0.00231159,-796.81,1.02609,0.312
172000,0,0.103499,-797.955,0.415495,0.331
172500,0,0.192065,-798.135,0.120523,0.328
173000,0,0.24763,-797.782,0.214309,0.31
173500,0,0.285618,-798.064,0.34394,0.422
174000,0,0.323835,-797.622,0.375668,0.321
174500,0,0.731656,-798.856,0.0933436,0.31
175000,0,0.4613,-798.361,0.286271,0.316
175500,0,0.187672,-798.245,0.656407,0.312
176000,0,0.828083,-799.571,0.100175,0.297
176500,0,-0.403974,-803.334,1.35607,0.286
177000,0,0.308302,-798.475,0.578923,0.320143
177500,0,0.33082,-799.859,0.40996,0.328
178000,0,0.405069,-798.153,0.0238999,0.322
178500,0,0.389447,-797.564,0.055315,0.294
179000,0,-0.0342868,-798.004,0.630713,0.315
179500,0,0.713641,-798.503,0.0287983,0.29
180000,0,0.600998,-798.411,0.152964,0.286
180500,0,0.651381,-798.383,0.0573489,0.33
181000,0,-1.07482,-799.265,1.8715,0.31
181500,0,-0.500593,-797.86,1.1348,0.3
182000,0,-0.247392,-798.782,0.568065,0.29425
182500,0,-0.00662345,-798.099,0.319209,0.356
183000,0,0.266415,-797.698,0.0960163,0.3165
183500,0,0.0989177,-797.867,0.532534,0.306
184000,0,-0.0883674,-798.215,0.772413,0.304
184500,0,0.657061,-799.422,0.141989,0.31
185000,0,-0.290556,-799.861,0.998471,0.306
185500,0,0.57955,-797.964,0.0633902,0.29
186000,0,0.324914,-799.505,0.483272,0.319
186500,0,0.483807,-801.092,0.588121,0.34
187000,0,0.090776,-799.269,0.664145,0.324
187500,0,-0.0267545,-799.039,0.507613,0.328
188000,0,0.522185,-799.849,0.164609,0.312706
188500,0,0.644704,-798.951,0.0952499,0.292
189000,0,0.170041,-798.237,0.331576,0.321
189500,0,-0.807136,-798.302,1.28969,0.334
190000,0,0.533903,-799.041,0.271798,0.3165
190500,0,-0.576472,-798.084,1.35781,0.322
191000,0,-0.227394,-797.903,0.998781,0.307
191500,0,0.743561,-798.9,0.122088,0.322
192000,0,-0.0483016,-797.383,0.550973,0.3102
192500,0,-0.182307,-797.78,0.659399,0.338
193000,0,-1.59104,-799.844,2.21536,0.315
193500,0,0.162377,-798.282,0.0931458,0.306
194000,0,-0.269005,-798.347,0.325807,0.308
194500,0,-0.772498,-800.086,0.451904,0.368
195000,0,-2.53924,-801.038,2.29568,0.354
195500,0,-1.47921,-802.444,1.01162,0.338
196000,0,-0.317763,-798.34,0.709217,0.313429
196500,0,0.339867,-799.222,0.0682708,0.298
197000,0,-0.0793139,-798.778,0.462692,0.307
197500,0,0.0341399,-797.977,0.282192,0.3
198000,0,-0.0213027,-798.568,0.168427,0.313333
198500,0,-1.14791,-798.765,1.13286,0.302
199000,0,-2.2298,-804.248,2.2189,0.297
199500,0,0.261182,-798.041,0.136697,0.282
200000,0,-0.900795,-799.857,0.874515,0.3
200500,0,-0.133704,-799.174,0.5303,0.302
201000,0,0.116816,-797.329,0.451206,0.296
201500,0,0.207272,-798.552,0.197407,0.318
202000,0,-0.786979,-798.037,0.837741,0.325
202500,0,-0.610254,-798.468,0.691532,0.342
203000,0,-0.731078,-799.83,0.79827,0.35
203500,0,-0.769636,-799.64,0.55627,0.32
204000,0,-0.530418,-800.489,0.430975,0.321
204500,0,-1.50068,-802.822,0.779018,0.28
205000,0,-1.67622,-802.792,0.885085,0.291
205500,0,-0.852324,-797.813,1.10317,0.31
206000,0,-1.14133,-798.484,1.32694,0.3178
206500,0,-0.303871,-798.281,0.681388,0.288
207000,0,-0.247201,-798.399,0.612537,0.31532
207500,0,-0.164395,-801.206,0.132466,0.298
208000,0,-0.587543,-799.008,0.636321,0.309
208500,0,0.143442,-797.489,0.137381,0.306
209000,0,0.111777,-797.259,0.296816,0.289
209500,0,0.119905,-799.62,0.183521,0.376
210000,0,0.238995,-797.23,0.21411,0.3105
210500,0,-0.640537,-799.353,1.17337,0.324
211000,0,0.215437,-798.736,0.377777,0.319
211500,0,0.199396,-798.169,0.403871,0.338
212000,0,0.311448,-797.763,0.0663299,0.3224
212500,0,0.584386,-798.274,0.00334022,0.332
213000,0,0.546735,-799.655,0.11418,0.317875
213500,0,-0.247211,-797.761,0.753259,0.284
214000,0,0.108156,-797.928,0.466354,0.301
214500,0,-0.235283,-798.816,0.49093,0.34
215000,0,0.225638,-797.819,0.159873,0.302
215500,0,0.0576896,-798.459,0.0985929,0.322
216000,0,0.192533,-798.463,0.0978962,0.31575
216500,0,-0.342682,-797.189,0.835185,0.3
217000,0,-0.727448,-799.83,1.03511,0.2945
217500,0,-0.672257,-798.001,0.778782,0.358
218000,0,-0.75073,-798.024,1.13096,0.312857
218500,1,-1.12637,-797.65,0.213402,0.318
219000,0,0.29952,-797.789,0.0595285,0.3158
219500,0,0.0166958,-798.203,0.360658,0.304
220000,0,0.398637,-797.181,0.0192869,0.319667
220500,0,0.289518,-797.949,0.126703,0.31
221000,0,0.369546,-798.765,0.00456576,0.3136
221500,0,-0.597471,-797.782,0.982434,0.3
222000,0,-0.0203574,-799.823,0.30308,0.296
222500,0,0.31569,-797.885,0.0827836,0.332
223000,0,-0.875211,-798.896,1.24287,0.3162
223500,0,0.717795,-798.741,0.0263357,0.302
224000,0,0.501742,-798.957,0.261249,0.31525
224500,0,-0.322555,-797.545,0.708515,0.316
225000,0,-0.542961,-799.175,0.829773,0.33
225500,0,0.0218002,-797.803,0.216311,0.272
226000,0,0.126334,-798.047,0.441891,0.286
226500,0,0.0118624,-798.681,0.494767,0.3
227000,0,0.490105,-798.096,0.06609,0.317
227500,0,0.0418915,-800.103,0.284151,0.332
228000,0,-0.526303,-798.763,0.577704,0.302
228500,0,-1.12291,-802.341,0.643102,0.294
229000,0,-0.535981,-798.086,0.778365,0.307
229500,0,0.0731205,-797.534,0.490394,0.268
230000,0,0.0533521,-797.637,0.594315,0.301571
230500,0,-0.193695,-797.377,0.769035,0.28
231000,0,0.613261,-799.846,0.0637316,0.296
231500,0,0.0192722,-797.175,0.488098,0.3
232000,0,-0.0368393,-797.968,0.604079,0.311
232500,0,0.150481,-797.783,0.288197,0.34
233000,0,0.267174,-798.516,0.101574,0.311
233500,0,0.138769,-800.054,0.384861,0.298
234000,0,0.146845,-798.047,0.151664,0.300333
234500,0,-0.994273,-798.717,1.36066,0.31
235000,0,-0.320747,-801.431,0.696335,0.317
235500,0,0.370535,-797.959,0.021953,0.288
236000,0,-0.0282196,-797.689,0.177434,0.293
236500,0,-0.0362533,-797.625,0.361132,0.302
237000,0,-0.6896,-797.413,1.0758,0.302
237500,0,-1.21371,-797.863,1.62715,0.278
238000,0,0.211656,-798.739,0.138428,0.293
238500,0,0.356759,-797.579,0.138085,0.308
239000,0,0.175714,-798.147,0.189213,0.289
239500,0,0.581853,-799.435,0.0763417,0.338
240000,0,-0.818876,-799.328,1.55632,0.34
240500,0,0.357227,-798.257,0.230577,0.312
241000,0,0.273398,-799.617,0.710222,0.305421
241500,0,0.606634,-799.475,0.386386,0.308
242000,0,-0.625375,-801.354,1.31372,0.3075
242500,0,-0.835749,-801.721,1.46117,0.304
243000,0,-0.217028,-798.195,1.07236,0.307
243500,0,0.0687814,-800.481,0.753818,0.34
244000,0,0.731609,-800.069,0.276088,0.334
244500,0,0.917225,-803.25,0.116821,0.344
245000,0,-0.952035,-799.938,1.85281,0.332667
245500,0,-0.649749,-798.012,1.48167,0.294
246000,0,-0.615054,-797.421,1.23775,0.2995
246500,0,0.24043,-797.393,0.305695,0.272
247000,0,-1.38218,-800.212,1.84643,0.295
247500,0,0.193388,-797.691,0.372671,0.302
248000,1,-0.896864,-796.195,0.680928,0.357
248500,0,0.50247,-798.777,0.00140118,0.328
249000,0,0.377854,-797.724,0.0249293,0.31925
249500,0,0.347155,-797.929,0.00406018,0.296
250000,0,-0.690532,-797.737,1.17715,0.29
250500,0,0.126976,-797.677,0.400413,0.316
251000,0,0.0225997,-798.971,0.551464,0.317
251500,0,-0.733706,-797.759,1.12302,0.31
252000,0,0.599199,-799.486,0.000384387,0.3
252500,0,0.688404,-797.998,0.0420828,0.324
253000,0,0.655696,-800.586,0.0267916,0.31
253500,0,0.269511,-798.499,0.225071,0.26
254000,0,-0.0692536,-797.433,0.320194,0.285
254500,0,0.16056,-801.064,0.173927,0.276
255000,1,0.543984,-801.072,0.64639,0.304
255500,0,0.612776,-797.745,0.0846702,0.332
256000,0,-0.161979,-798.407,0.925692,0.305741
256500,0,0.264606,-798.52,0.462706,0.316
257000,0,-0.342082,-798.271,0.681868,0.305958
257500,0,-0.0684836,-798.738,0.196592,0.304
258000,0,-1.41416,-798.626,1.68527,0.316
258500,0,0.0202905,-800.182,0.411426,0.32
259000,0,0.455415,-797.675,0.16654,0.308
259500,0,-2.05975,-800.837,2.65701,0.322
260000,0,0.0592528,-797.932,0.631057,0.30925
260500,0,0.177097,-797.466,0.311271,0.298
261000,0,-0.625258,-798.047,0.746329,0.306
261500,0,-0.660245,-798.874,1.10642,0.296
262000,0,0.497485,-797.573,0.0934999,0.318
262500,0,-0.0746529,-797.544,0.708606,0.32
263000,0,0.430485,-799.468,0.237234,0.31
263500,0,-0.682097,-797.996,1.25996,0.332
264000,0,0.531671,-799.056,0.139905,0.31275
264500,1,-6.22327,-795.823,0.519132,0.442
265000,0,-0.316068,-798.419,0.519296,0.403
265500,0,-0.952813,-798.535,0.94318,0.276
266000,0,-0.0957838,-799.961,0.15257,0.301
266500,0,-0.3821,-800.046,0.539783,0.276
267000,0,-0.203317,-802.454,0.0464869,0.299
267500,0,-0.140395,-799.098,0.206741,0.286
268000,0,-1.04776,-799.335,0.81178,0.312
268500,0,0.173432,-798.112,0.228007,0.324
269000,0,0.665657,-799.502,0.195863,0.315
269500,0,0.0548682,-799.282,0.867278,0.278
270000,0,0.53522,-799.205,0.0710183,0.291
270500,0,0.512282,-799.575,0.180239,0.308
271000,1,0.680139,-798.992,0.715475,0.318
271500,0,0.328033,-797.612,0.441237,0.44
272000,0,0.175582,-797.595,0.594183,0.335
272500,0,-2.23265,-799.26,2.88829,0.332
273000,0,-0.0163734,-799.533,0.370153,0.327
273500,0,-1.01233,-797.431,1.31758,0.342
274000,0,0.392977,-797.299,0.186045,0.344333
274500,0,0.459229,-798.808,0.0267239,0.334
275000,0,-2.40345,-798.531,2.65312,0.319
275500,0,-0.695917,-798.605,1.1839,0.306
276000,0,-0.465828,-797.233,0.85528,0.319952
276500,0,-0.255084,-798.701,1.06429,0.336
277000,0,0.460975,-800.657,0.58509,0.3273
277500,0,0.976139,-802.076,0.047557,0.306
278000,0,0.558866,-802.77,0.103778,0.311
278500,0,0.327194,-798.42,0.310677,0.328
279000,1,0.0632459,-799.882,0.480688,0.311
279500,1,0.222719,-800.415,0.710759,0.49
280000,0,-0.347884,-798.127,0.879162,0.3415
280500,0,0.526438,-798.805,0.103414,0.346
281000,0,0.766832,-799.851,0.170331,0.3685
281500,0,0.57753,-797.846,0.186375,0.29
282000,0,0.606023,-799.593,0.0558479,0.313
282500,0,0.334686,-797.867,0.365284,0.278
283000,0,0.627014,-799.921,0.274255,0.296
283500,0,-0.190962,-798.654,0.738852,0.318
284000,0,0.262322,-798.017,0.0184869,0.313
284500,0,0.245083,-799.378,0.0698992,0.3
285000,0,-1.87174,-798.3,2.17284,0.288
285500,1,-1.34563,-795.623,0.549391,0.474
286000,0,-0.0396915,-798.384,0.14443,0.426
286500,0,0.262551,-797.587,0.259786,0.298
287000,0,0.112252,-798.17,0.47333,0.325
287500,0,0.35409,-798.881,0.240274,0.3
288000,0,0.553993,-797.708,0.234884,0.314
288500,0,0.68312,-797.798,0.0638997,0.304
289000,0,-0.490376,-797.836,0.929621,0.3285
289500,0,-0.23366,-797.89,0.608262,0.3
290000,0,0.383715,-798.604,0.17016,0.326429
290500,0,0.0681549,-798.349,0.674641,0.312
291000,0,0.193275,-799.041,0.332044,0.333
291500,0,0.213974,-798.508,0.292797,0.32
292000,0,-0.183715,-799.345,0.768939,0.321
292500,0,0.716416,-798.473,0.0405103,0.274
293000,0,0.241408,-797.898,0.57718,0.293
293500,0,-0.283091,-799.918,1.13101,0.282
294000,0,0.728094,-800.009,0.185446,0.297
294500,0,-0.190208,-799.171,0.844206,0.296
295000,0,-0.17858,-798.037,0.237294,0.304571
295500,0,0.118908,-799.267,0.198809,0.302
296000,0,0.514148,-797.62,0.101497,0.298
296500,0,-0.266831,-799.364,1.02482,0.314
297000,0,0.94835,-800.952,0.123935,0.319263
297500,0,0.15063,-802.449,0.922662,0.284
298000,0,-0.269197,-798.323,0.50567,0.301778
298500,0,0.550961,-797.848,0.190453,0.296
299000,0,1.09634,-808.073,0.0358325,0.3055
299500,0,0.870882,-807.468,0.242371,0.324
300000,0,0.65756,-802.541,0.409855,0.32
300500,0,0.282902,-797.295,0.293354,0.34
301000,0,0.287553,-798.978,0.0540064,0.32
301500,0,-0.534687,-798.047,1.0914,0.306
302000,0,0.505338,-798.19,0.04167,0.31125
302500,0,-0.376014,-799.547,0.513125,0.292
303000,0,-0.755521,-800.42,0.582215,0.308
303500,0,-0.525747,-800.016,0.51706,0.332
304000,0,-0.994032,-800.007,0.9021,0.3155
304500,0,-0.402656,-801.477,0.072754,0.268
305000,0,0.000783139,-798.75,0.157534,0.312111
305500,0,-0.02606,-797.765,0.424381,0.328
306000,0,-0.027711,-797.887,0.395598,0.32
306500,0,-1.3689,-798.839,1.73739,0.334
307000,0,0.461928,-799.778,0.288482,0.31625
307500,0,0.627693,-797.853,0.0956591,0.318
308000,0,0.64981,-799.369,0.260995,0.308
308500,0,-0.0583787,-798.561,0.875463,0.344
309000,0,0.508981,-797.66,0.250847,0.329
309500,0,0.511581,-800.632,0.0327332,0.324
310000,0,-0.299848,-801.188,0.116735,0.30975
310500,0,-0.326716,-799.864,0.393983,0.288
311000,0,-0.138478,-798.981,0.232501,0.298
311500,0,-0.488713,-798.342,0.515483,0.488
312000,0,-2.34016,-797.926,2.74589,0.340667
312500,0,-0.33264,-797.679,0.639588,0.324
313000,0,-0.0846669,-799.102,0.312164,0.369
313500,0,-0.115056,-798.719,0.554822,0.322
314000,0,0.494725,-797.813,0.295305,0.32
314500,0,0.559635,-797.915,0.048398,0.332
315000,0,0.0340809,-798.784,0.107018,0.321273
315500,0,0.135233,-797.92,0.057465,0.322
316000,0,0.524725,-798.291,0.12582,0.3175
316500,0,0.124104,-797.218,0.463333,0.286
317000,0,0.286234,-798.136,0.402527,0.313
317500,1,-0.175707,-800.971,1.43743,0.538
318000,0,-1.18619,-800.022,1.69894,0.452
318500,0,0.23097,-798.03,0.462352,0.342
319000,0,0.075486,-798.902,0.0915559,0.356
319500,0,-0.39082,-801.186,0.611558,0.36
320000,0,-0.77344,-799.501,1.10412,0.321
320500,0,-0.550345,-798.423,0.951273,0.3
321000,0,0.222977,-798.172,0.383845,0.303
321500,1,-2.9604,-802.368,2.32421,0.314
322000,0,-0.181484,-798.455,1.01207,0.321762
322500,0,0.0328111,-799.557,0.689994,0.33
323000,0,0.497515,-797.445,0.135532,0.298
323500,0,0.486484,-797.151,0.0466161,0.282
324000,0,-0.240028,-799.783,0.474839,0.31
324500,0,0.290163,-798.671,0.163031,0.328
325000,0,0.218448,-797.932,0.0424884,0.318
325500,0,-0.566905,-797.856,0.984095,0.272
326000,0,-0.163414,-797.891,0.593362,0.293
326500,0,-0.296634,-798.267,0.680035,0.274
327000,0,0.637072,-799.379,0.0907863,0.310583
327500,0,0.21046,-802.68,0.503001,0.274
328000,0,0.415283,-798.363,0.175942,0.293
328500,0,-1.03107,-798.627,1.58133,0.282
329000,0,0.024324,-800.575,0.585631,0.295
329500,0,0.0819497,-797.763,0.577892,0.272
330000,0,0.472523,-798.168,0.114292,0.299222
330500,0,0.123849,-797.804,0.0335214,0.276
331000,0,0.579409,-797.616,0.0474258,0.313556
331500,0,-0.691846,-797.213,1.13179,0.314
332000,0,-0.0232979,-798.012,0.524954,0.295333
332500,1,0.187752,-798.348,1.32428,0.298
333000,0,-0.259768,-797.284,0.900134,0.322
333500,0,-0.67398,-798.028,1.4746,0.32
334000,0,-0.532254,-799.292,1.19098,0.295
334500,0,0.293747,-799.88,0.286236,0.292
335000,0,0.268863,-797.589,0.282815,0.3075
335500,0,0.479056,-797.65,0.151654,0.32
336000,1,-0.543054,-798.386,0.782372,0.346
336500,0,0.354076,-797.338,0.067802,0.358
337000,1,0.914807,-802.432,0.21446,0.306727
337500,0,-0.550278,-798.493,0.657287,0.32
338000,0,-0.0207023,-797.539,0.391317,0.298
338500,0,0.118761,-799.427,0.0140502,0.332
339000,0,0.257835,-798.306,0.0724468,0.3192
339500,0,-0.311362,-797.505,0.815667,0.314
340000,0,0.457252,-797.441,0.0576748,0.3093
340500,0,0.38056,-797.641,0.046927,0.322
341000,0,-0.269967,-798.747,0.756327,0.336
341500,0,-0.643513,-797.431,1.20334,0.308
342000,0,0.184795,-797.257,0.181533,0.3
342500,0,-0.862465,-798.008,1.07542,0.306
343000,0,-1.01358,-799.668,0.853308,0.312714
343500,0,-0.585571,-798.008,0.82968,0.314
344000,0,0.47579,-798.581,0.17513,0.2995
344500,0,-0.233265,-797.853,0.434558,0.3
345000,0,-0.43741,-800.932,0.118213,0.307
345500,0,-0.5391,-797.735,0.736689,0.278
346000,0,0.0977793,-798.07,0.268377,0.3075
346500,0,0.33589,-798.408,0.0919159,0.31
347000,0,0.0572475,-797.78,0.292232,0.2945
347500,0,0.356974,-797.791,0.00153108,0.3
348000,0,0.0847586,-798.788,0.372887,0.314
348500,0,0.0252539,-797.945,0.308409,0.28
349000,0,-0.612994,-799.795,0.50639,0.304
349500,0,-0.608181,-799.87,0.394741,0.296
350000,0,-0.54783,-798.267,0.735976,0.302
350500,0,-0.53413,-798.002,0.796104,0.302
351000,0,-0.380183,-799.869,0.235705,0.307
351500,0,-0.259414,-798.81,0.236363,0.32
352000,0,0.117611,-797.696,0.277987,0.303429
352500,0,-1.16947,-799.569,1.46386,0.262
353000,0,-0.302833,-799.094,0.753068,0.2975
353500,0,0.244701,-797.402,0.339423,0.316
354000,0,0.327283,-799.79,0.565191,0.316
354500,0,-0.451162,-797.59,1.21744,0.302
355000,0,-0.669025,-800.499,1.29064,0.303286
355500,0,-0.205501,-802.114,0.890568,0.3
356000,0,0.228196,-799.7,0.381143,0.291
356500,0,-1.23554,-799.962,1.5001,0.298
357000,0,-0.109718,-798.751,0.284874,0.304
357500,0,0.115675,-797.879,0.307219,0.28
358000,0,0.357359,-798.186,0.166264,0.31
358500,0,-0.163916,-799.145,0.894857,0.318
359000,0,0.600145,-798.441,0.0425946,0.307143
359500,0,0.60202,-799.169,0.164873,0.336
360000,0,0.471188,-798.026,0.227974,0.317
360500,0,0.603223,-799.922,0.176295,0.294
361000,0,-0.111791,-797.982,0.624522,0.297
361500,0,0.274277,-801.082,0.450264,0.336
362000,0,0.687959,-800.709,0.307345,0.31575
362500,0,0.729566,-799.998,0.230518,0.272
363000,0,0.727616,-797.944,0.0896569,0.306353
363500,0,0.788279,-798.302,0.0293251,0.314
364000,0,0.589052,-797.863,0.200858,0.277
364500,0,0.279406,-797.832,0.324912,0.322
365000,0,0.310874,-798.886,0.123343,0.311
365500,0,0.625545,-798.069,0.0124789,0.294
366000,0,-0.93377,-797.836,1.7534,0.305583
366500,0,0.025272,-798.499,0.885394,0.296
367000,0,0.339464,-797.142,0.226774,0.2925
367500,0,0.391677,-802.663,0.119627,0.444
368000,0,-0.825046,-801.452,1.44687,0.347
368500,0,-0.303906,-798.19,0.867159,0.282
369000,0,0.34828,-797.664,0.257863,0.300429
369500,0,-0.556692,-797.437,0.926365,0.31
370000,0,0.505081,-797.747,0.194873,0.307
370500,0,0.490968,-799.142,0.264439,0.328
371000,0,0.0577899,-801.919,0.794379,0.317
371500,0,0.756615,-799.489,0.113466,0.31
372000,0,0.73479,-799.376,0.0452276,0.301
372500,0,0.924039,-800.325,0.0746504,0.346
373000,0,-0.0169405,-801.906,0.810567,0.321
373500,1,-2.55454,-798.292,0.128886,0.38
374000,0,0.514479,-799.033,0.337321,0.31825
374500,0,-0.091117,-798.433,0.985573,0.324
375000,0,-0.0290087,-797.997,0.567657,0.320571
375500,0,0.166712,-797.933,0.241771,0.27
376000,0,-0.219762,-797.799,0.690448,0.312067
376500,0,0.297667,-798.972,0.345309,0.316
377000,0,-0.982244,-799.945,1.46126,0.307
377500,0,0.0681971,-798.962,0.54169,0.3
378000,0,0.614268,-799.16,0.282835,0.292667
378500,0,-0.00297824,-798.706,0.685184,0.29
379000,0,-1.31543,-797.953,1.94085,0.3054
379500,0,-0.631043,-800.477,0.823831,0.322
380000,0,-0.249532,-798.145,0.334422,0.292
380500,0,-0.240011,-798.644,0.104347,0.28
381000,0,-1.06184,-801.087,0.748378,0.265
381500,0,0.1065,-798.285,0.0800341,0.286
382000,0,-0.952853,-798.236,1.1519,0.282
382500,0,-0.589591,-799.805,0.983508,0.31
383000,0,0.166984,-798.685,0.0907485,0.3037
383500,0,-0.874405,-798.929,1.13937,0.284
384000,0,-0.850244,-800.004,0.978932,0.27
384500,0,0.351747,-802.89,0.0542312,0.312
385000,0,0.528562,-797.603,0.129821,0.292
385500,1,-5.16255,-798.492,0.108565,0.378
386000,0,0.61125,-799.672,0.263457,0.361
386500,0,0.341346,-799.997,0.600301,0.298
387000,0,0.0548532,-799.565,0.794128,0.309
387500,0,0.443502,-799.614,0.41774,0.312
388000,0,0.873461,-798.937,0.049751,0.314
388500,1,-0.731418,-798.497,1.36731,0.474
389000,1,0.999859,-799.044,0.206334,0.314455
389500,0,0.633519,-798.733,0.233665,0.43
390000,0,0.609444,-797.875,0.0131909,0.415
390500,0,0.0770143,-798.75,0.46832,0.31
391000,0,0.065213,-798.2,0.613036,0.310214
391500,0,0.0283385,-797.573,0.211211,0.316
392000,0,-0.0648975,-798.387,0.386671,0.327667
392500,0,-0.153896,-798.783,0.351286,0.304
393000,0,0.100285,-797.638,0.482999,0.329636
393500,0,0.287713,-799.405,0.32389,0.298
394000,0,-0.279277,-797.965,0.936764,0.308
394500,0,0.325393,-798.044,0.127614,0.304
395000,1,0.763771,-800.03,0.503134,0.354
395500,0,-1.27421,-798.274,1.88799,0.412
396000,0,0.428583,-798.072,0.0441189,0.385
396500,0,0.157933,-797.725,0.275973,0.264
397000,0,-0.243747,-798.601,0.350679,0.292
397500,0,0.118574,-797.492,0.189855,0.308
398000,0,0.309141,-798.077,0.0830905,0.315625
398500,0,-0.472467,-798.84,0.645844,0.31
399000,0,-0.692218,-801.642,0.0813886,0.299
399500,0,-0.017596,-799.066,0.157169,0.304
400000,0,-0.552793,-799.093,0.86084,0.31
400500,0,0.630508,-800.138,0.0631924,0.318
401000,0,0.629509,-799.037,0.144701,0.3144
401500,0,0.0758074,-797.731,0.56698,0.302
402000,0,-0.450645,-799.169,0.755881,0.30675
402500,0,-0.0360432,-798.123,0.405497,0.276
403000,0,0.367818,-797.635,0.386012,0.294
403500,0,-0.45695,-801.463,0.870121,0.33
404000,0,-0.464814,-797.594,0.794051,0.304333
404500,0,0.27145,-798.043,0.180042,0.318
405000,0,-0.253115,-798.847,0.308186,0.3016
405500,0,-0.185885,-800.415,0.261743,0.278
406000,0,-0.495282,-799.02,0.509788,0.310929
406500,0,0.122888,-798.773,0.0465267,0.294
407000,0,-0.113687,-798.563,0.338342,0.299
407500,0,0.0695114,-798.862,0.0446621,0.308
408000,0,0.327621,-798.845,0.00814977,0.306
408500,0,-0.414195,-799.702,0.800292,0.322
409000,0,-0.0800491,-800.834,0.103978,0.29525
409500,0,-0.424877,-799.327,0.371956,0.286
410000,0,0.382689,-798.987,0.29906,0.3035
410500,1,0.123304,-801.257,1.08146,0.298
411000,0,-0.753286,-797.459,1.15139,0.362
411500,0,0.0656996,-799.357,0.0827812,0.326
412000,0,0.0488995,-798.26,0.0890828,0.319
412500,0,-0.562536,-797.906,1.16221,0.298
413000,0,0.480227,-798.821,0.0216369,0.309333
413500,0,-0.0639701,-797.52,0.63606,0.292
414000,0,-0.0261305,-797.959,0.688016,0.291
414500,0,0.312556,-797.591,0.386249,0.286
415000,0,0.638082,-798.382,0.107042,0.303833
415500,0,-0.440165,-798.231,1.17407,0.334
416000,0,-0.108502,-798.152,0.823831,0.308077
416500,0,0.565274,-800.036,0.000165427,0.314
417000,0,0.444769,-800.475,0.219915,0.3135
417500,0,0.281207,-801.2,0.659928,0.366
418000,0,0.479416,-802.173,0.51538,0.308833
418500,0,0.841509,-801.499,0.195696,0.298
419000,0,0.452616,-800.415,0.545272,0.303
419500,0,0.562545,-797.928,0.14694,0.302
420000,0,0.336982,-798.94,0.0891528,0.317333
420500,0,-2.40714,-799.082,2.45251,0.282
421000,0,0.25942,-798.129,0.031124,0.318286
421500,0,0.0502994,-798.465,0.303906,0.37
422000,0,-0.15077,-799.1,0.332653,0.329
422500,0,-0.506373,-797.636,0.689873,0.344
423000,0,-0.973093,-797.99,1.12898,0.319
423500,0,-0.532223,-798.454,0.890988,0.324
424000,0,-0.391151,-799.849,0.924768,0.32225
424500,0,-0.163883,-801.424,0.619053,0.274
425000,0,-0.224469,-800.534,0.979247,0.317
425500,0,0.724036,-801.446,0.118921,0.316
426000,0,0.260735,-798.768,0.00659564,0.316
426500,0,0.239429,-797.735,0.376159,0.302
427000,0,0.446868,-798.671,0.0776123,0.320857
427500,0,-0.668374,-799.719,1.34518,0.312
428000,1,0.623524,-798.516,0.245987,0.3094
428500,0,0.78398,-802.995,0.133081,0.364
429000,0,0.961296,-799.863,0.00458236,0.3145
429500,0,0.750941,-799.844,0.159449,0.32
430000,0,0.246759,-799.4,0.648093,0.313
430500,0,0.225755,-797.94,0.459185,0.316
431000,0,0.140751,-798.495,0.291388,0.3098
431500,0,-0.967207,-799.494,1.26877,0.29
432000,0,-0.00227393,-798.172,0.440934,0.3
432500,0,0.290142,-798.234,0.00288783,0.314
433000,0,-0.0683119,-798.595,0.591539,0.293
433500,0,-1.7715,-798.839,2.28809,0.294
434000,0,0.157939,-801.335,0.240943,0.305333
434500,0,0.433681,-797.531,0.170537,0.302
435000,0,0.151115,-797.559,0.28626,0.301833
435500,0,-0.707977,-798.315,1.21226,0.3
436000,0,0.419303,-800.619,0.107713,0.287
436500,0,0.354378,-797.771,0.085027,0.298
437000,0,0.722441,-800.725,0.00288975,0.29625
437500,0,-1.5865,-798.53,2.12656,0.34
438000,0,-0.0424567,-799.347,0.742247,0.3005
438500,0,0.0527903,-798.587,0.652653,0.298
439000,0,-0.150991,-797.311,0.564495,0.312
439500,0,-0.00361777,-798.418,0.362002,0.31
440000,0,0.29978,-797.963,0.0622446,0.3034
440500,0,0.530875,-799.309,0.174678,0.268
441000,0,-0.85808,-800.746,0.485407,0.293
441500,0,0.294871,-797.917,0.0303487,0.302
442000,0,-2.11776,-797.459,2.67644,0.297
442500,0,-0.562972,-798.581,0.58879,0.308
443000,0,0.184794,-797.643,0.0923745,0.301444
443500,0,0.362039,-800.34,0.0731432,0.27
444000,0,0.164186,-798.779,0.598388,0.2996
444500,0,-1.54219,-798.869,2.30085,0.314
445000,0,0.52714,-799.613,0.123596,0.306667
445500,0,-0.234461,-800.693,0.743917,0.298
446000,0,-1.06312,-797.762,1.44807,0.288
446500,0,-0.651785,-799.754,0.838034,0.314
447000,0,-0.091283,-797.526,0.531236,0.325
447500,0,0.0942793,-798.013,0.315795,0.336
448000,1,-0.337994,-794.779,1.08845,0.311625
448500,1,-0.548897,-795.764,0.271036,0.478
449000,0,0.0903471,-799.968,0.00335833,0.416
449500,0,-0.174286,-800.232,0.0300417,0.298
450000,0,0.440287,-797.444,0.286689,0.374333
450500,1,0.531272,-797.855,0.953041,0.366
451000,0,-0.774259,-797.397,1.16309,0.393
451500,0,0.16923,-798.396,0.152749,0.352
452000,0,0.24303,-799.475,0.222471,0.326
452500,0,-0.0623931,-799.643,0.405921,0.324
453000,0,0.334517,-798.964,0.160048,0.3218
453500,0,0.474016,-798.504,0.0897155,0.314
454000,0,0.411442,-801.123,0.23572,0.316
454500,0,0.53694,-799.347,0.152181,0.3
455000,0,0.560679,-797.421,0.00809299,0.30825
455500,0,0.141566,-799.415,0.591775,0.312
456000,0,0.396519,-798.176,0.370891,0.303
456500,0,0.239884,-799.495,0.535884,0.29
457000,0,-0.122539,-800.61,0.244914,0.294
457500,0,-0.0329007,-797.961,0.428384,0.33
458000,0,0.579294,-797.965,0.214069,0.306333
458500,0,0.260845,-797.59,0.131172,0.294
459000,0,0.556215,-798.391,0.0904906,0.314
459500,0,0.444504,-799.511,0.408488,0.35
460000,0,0.110431,-798.147,0.167491,0.3095
460500,0,-0.597406,-799.366,0.947921,0.286
461000,0,-0.238336,-799.911,0.397603,0.299
461500,0,0.117706,-799.825,0.593658,0.318
462000,0,-0.15936,-798.612,0.866758,0.3
462500,0,0.219588,-797.933,0.335644,0.314
463000,0,-1.56262,-798.534,2.14811,0.311
463500,0,0.249302,-799.521,0.101672,0.32
464000,0,-0.492593,-797.203,0.975905,0.311
464500,0,-2.56902,-798.5,3.13843,0.302
465000,0,0.311068,-797.84,0.0193843,0.31275
465500,0,-1.27108,-798.886,2.09775,0.294
466000,0,0.737813,-798.735,0.0821266,0.325
466500,0,0.528928,-800.334,0.283766,0.29
467000,0,0.647198,-800.027,0.388178,0.306
467500,0,0.278964,-798.19,0.556863,0.332
468000,0,0.645914,-799.298,0.195655,0.318
468500,0,0.616391,-799.62,0.129559,0.294
469000,0,-0.72381,-798.546,1.39102,0.297
469500,0,0.172759,-798.525,0.535368,0.31
470000,0,0.584322,-798.046,0.26301,0.308455
470500,0,0.296991,-798.962,0.586062,0.336
471000,0,0.719929,-803.632,0.181681,0.308
471500,0,-0.16493,-799.372,1.12418,0.334
472000,0,0.876863,-799.227,0.0093373,0.299
472500,0,0.15225,-799.872,0.700664,0.296
473000,0,-0.394461,-798.72,1.2501,0.297
473500,0,0.493737,-797.99,0.183592,0.324
474000,0,0.0844526,-797.849,0.3897,0.324
474500,1,-1.59844,-799.584,2.41019,0.298
475000,0,-0.0745736,-799.227,0.252778,0.309636
475500,0,-0.478892,-800.885,0.50601,0.284
476000,0,-1.07329,-800.697,0.708801,0.307545
476500,0,-1.19992,-802.378,0.80414,0.29
477000,0,-0.175804,-800.841,0.000405731,0.281
477500,0,0.0572489,-799.548,0.0676225,0.304
478000,0,-0.10806,-798.579,0.736324,0.321
478500,0,-0.550664,-798.386,0.895561,0.316
479000,0,-0.592745,-798.069,0.707365,0.3322
479500,0,-0.805958,-798.046,0.885301,0.31
480000,0,-0.196873,-801.287,0.173217,0.294
480500,0,-0.678335,-799.807,0.369712,0.302
481000,0,-0.487261,-800.543,0.992561,0.312167
481500,0,0.182514,-797.652,0.291334,0.314
482000,0,0.278336,-797.965,0.146665,0.308
482500,0,0.627954,-799.86,0.176819,0.314
483000,0,0.747571,-798.915,0.0897965,0.301
483500,0,-0.977991,-797.823,1.64675,0.306
484000,0,0.504462,-798.089,0.212063,0.308889
484500,0,0.645399,-799.512,0.0456856,0.43
485000,0,0.447708,-799.965,0.353637,0.344
485500,0,0.849279,-798.982,0.0790846,0.31
486000,0,0.28079,-800.558,0.304596,0.33525
486500,0,0.00594136,-798.178,0.376611,0.324
487000,0,0.18983,-797.487,0.514494,0.321
487500,0,0.549725,-800.021,0.140269,0.326
488000,0,0.666335,-798.172,0.0277543,0.309
488500,0,0.0560465,-797.912,0.439926,0.284
489000,0,-0.596117,-797.962,0.663764,0.303
489500,0,-0.882422,-799.36,0.827079,0.294
490000,0,-2.08341,-800.755,1.89743,0.3
490500,0,-1.20498,-800.566,0.670322,0.268
491000,0,-0.492641,-800.733,0.167479,0.272
491500,0,-0.506054,-798.716,0.556964,0.298
492000,0,0.430593,-799.048,0.10414,0.3165
492500,0,0.116574,-799.722,0.586084,0.322
493000,0,0.169801,-798.935,0.186236,0.299
493500,0,0.448036,-797.659,0.0839839,0.31
494000,0,-0.858092,-797.453,1.30419,0.308
494500,1,-0.338443,-804.004,1.01996,0.328
495000,0,-0.49952,-797.603,0.723273,0.309
495500,0,0.0593024,-797.854,0.181569,0.294
496000,0,-0.170199,-797.554,0.487271,0.358
496500,0,-0.06303,-798.741,0.320788,0.282
497000,0,-1.60033,-799.246,1.68975,0.297
497500,0,-0.181971,-799.862,0.684366,0.356
498000,0,-0.271376,-798.635,0.814424,0.319714
498500,0,0.502368,-798.467,0.144293,0.32
499000,0,0.186186,-798.434,0.664172,0.3324
499500,0,-0.228712,-798.859,0.958299,0.308
500000,0,-0.0228415,-798.6,0.293156,0.325667
500500,0,0.29836,-797.94,0.0336471,0.308
501000,0,0.144317,-799.165,0.259832,0.326
501500,0,0.203104,-797.554,0.0226456,0.296
502000,0,0.449044,-799.169,0.323381,0.323
502500,0,0.661441,-798.728,0.0494692,0.33
503000,0,0.181065,-799.046,0.447939,0.331
503500,0,-2.85861,-798.444,3.11699,0.322
504000,0,-0.400283,-798.716,0.831224,0.304
504500,0,-0.524735,-797.368,0.954938,0.304
505000,0,-0.425801,-804.957,0.628321,0.301
505500,0,0.158181,-797.515,0.0834456,0.282
506000,0,0.178026,-798.231,0.0406967,0.3102
506500,0,-0.220244,-798.724,0.68065,0.308
507000,0,0.192818,-799.431,0.561737,0.314714
507500,0,0.784089,-799.516,0.0197066,0.304
508000,0,0.570073,-800.364,0.241657,0.31
508500,0,0.609557,-798.406,0.206824,0.296
509000,0,0.10659,-797.798,0.24321,0.302
509500,0,0.314139,-797.842,0.0661224,0.318
510000,0,-0.00514373,-800.52,0.589549,0.3122
510500,0,-1.16055,-799.895,2.03716,0.31
511000,0,-0.0563375,-798.089,0.535077,0.306
511500,0,0.792146,-800.332,0.0313101,0.306
512000,0,0.82243,-799.652,0.192213,0.31475
512500,0,0.709282,-799.615,0.260001,0.316
513000,0,0.0654673,-801.43,0.943669,0.302
513500,0,0.143982,-799.521,0.747726,0.334
514000,0,-2.77302,-800.006,3.54907,0.3166
514500,0,0.828293,-799.738,0.039423,0.302
515000,0,0.751758,-797.858,0.0749772,0.306
515500,0,0.0178987,-797.958,0.794062,0.302
516000,0,0.291584,-798.096,0.189229,0.314667
516500,0,-0.943988,-802.651,1.43133,0.312
517000,0,-0.158527,-799.285,0.414221,0.312
517500,0,-0.434618,-798.321,0.781348,0.31
518000,0,0.197791,-798.069,0.149463,0.306143
518500,0,0.183182,-800.288,0.115903,0.282
519000,0,-0.00412957,-798.835,0.830664,0.303692
519500,0,0.852394,-800.259,0.0153398,0.32
520000,0,-0.11704,-797.882,0.475879,0.297333
520500,0,0.161106,-797.842,0.0728792,0.286
521000,0,-1.7,-800.403,1.55798,0.301667
521500,0,-0.142526,-799.544,0.180377,0.312
522000,0,0.165146,-800.63,0.374646,0.318
522500,0,0.672561,-798.03,0.0162283,0.292
523000,0,0.339506,-798.054,0.283399,0.316
523500,0,0.200954,-798.174,0.340075,0.33
524000,0,-0.281983,-798.435,0.355725,0.3055
524500,0,0.0381091,-798.384,0.229345,0.278
525000,0,0.223963,-803.39,0.162146,0.304167
525500,0,0.191916,-800.135,0.187718,0.324
526000,0,0.00576604,-798.138,0.566328,0.314
526500,0,-0.170128,-797.508,0.607563,0.276
527000,1,-0.128816,-799.96,0.742103,0.31
527500,1,-0.52124,-795.121,0.978389,0.506
528000,0,0.0344736,-797.324,0.499332,0.320308
528500,0,0.151624,-800.922,0.253729,0.3
529000,0,-0.055138,-800.075,0.130271,0.383
529500,0,0.026185,-797.713,0.21778,0.312
530000,0,0.493033,-797.605,0.00650347,0.3045
530500,0,-0.0391681,-797.157,0.578931,0.326
531000,0,-0.00800999,-799.436,0.612122,0.3315
531500,0,0.146619,-797.737,0.108753,0.306
532000,0,0.374913,-798.573,0.0106317,0.29
532500,0,0.00425789,-801.054,0.250843,0.294
533000,0,0.0805246,-797.934,0.172188,0.325333
533500,0,-0.607907,-797.91,0.773056,0.308
534000,0,-1.44908,-798.175,1.62331,0.299
534500,0,-0.114411,-798.163,0.227976,0.292
535000,0,0.10693,-800.594,0.0694948,0.316667
535500,0,-0.467377,-798.052,0.646992,0.35
536000,0,0.249394,-798.579,0.126509,0.31725
536500,0,0.096661,-799.242,0.105093,0.304
537000,0,-0.575413,-798.752,0.695305,0.3
537500,0,0.159893,-798.19,0.0500143,0.286
538000,0,0.31327,-799.647,0.013542,0.3
538500,0,0.057243,-799.178,0.0421578,0.306
539000,0,-0.502203,-799.73,0.650582,0.311
539500,0,0.283876,-798.281,0.249505,0.326
540000,0,-0.507228,-800.5,1.01752,0.316
540500,0,0.44208,-797.709,0.102593,0.304
541000,0,0.578996,-799.185,0.0888646,0.311333
541500,0,-0.0841581,-797.945,0.876879,0.32
542000,0,-0.727376,-801.092,1.5762,0.309
542500,0,-0.537283,-799.006,1.27679,0.32
543000,0,0.293882,-797.878,0.193198,0.319
543500,0,-0.00681918,-798.688,0.114345,0.308
544000,0,-1.27742,-798.195,1.57597,0.34
544500,0,-3.37187,-799.158,3.86094,0.26
545000,0,0.504722,-797.895,0.0650991,0.311273
545500,0,0.365972,-798.587,0.449977,0.304
546000,0,0.205329,-800.468,0.575844,0.313
546500,0,0.54223,-799.828,0.199245,0.296
547000,0,0.0709455,-798.71,0.451064,0.308286
547500,0,-0.0903019,-798.734,0.526431,0.266
548000,0,0.260125,-797.726,0.198285,0.3115
548500,0,-0.0363701,-799.646,0.16683,0.318
549000,0,-0.857762,-799.401,1.28192,0.3095
549500,0,0.172471,-798.894,0.426166,0.316
550000,0,0.575631,-797.338,0.0148025,0.324
550500,0,-0.27094,-797.941,0.837406,0.344
551000,0,0.227134,-798.321,0.187403,0.311
551500,0,0.359232,-799.088,0.164021,0.282
552000,0,-0.372112,-800.642,1.05205,0.31575
552500,0,-0.331932,-798.45,0.966324,0.254
553000,0,0.59638,-800.678,0.145187,0.297
553500,0,0.323587,-799.023,0.394513,0.268
554000,0,-0.370592,-799.062,0.99877,0.277
554500,0,0.280089,-797.48,0.175848,0.37
555000,0,0.102183,-799.93,0.252483,0.306182
555500,0,0.330064,-797.253,0.268075,0.31
556000,0,0.773796,-798.746,0.0599314,0.3235
556500,0,-0.140243,-800.028,0.225644,0.346
557000,0,0.401391,-798.98,0.0942984,0.33
557500,0,-0.466755,-797.614,0.842359,0.292
558000,0,0.0324614,-798.989,0.409997,0.30475
558500,0,-0.19066,-800.052,0.581495,0.3
559000,0,-0.884692,-799.991,1.08949,0.299
559500,0,-0.618788,-800.919,0.668944,0.298
560000,0,-1.09692,-799.309,1.1847,0.305
560500,0,-0.0885393,-799.046,0.0150004,0.25
561000,0,-0.528524,-800.233,0.777148,0.3062
561500,0,0.0684524,-797.84,0.178944,0.304
562000,0,-0.3458,-798.601,0.484099,0.319
562500,0,-0.368289,-800.873,0.459657,0.3
563000,0,-0.377075,-800.155,0.368544,0.28
563500,0,0.194567,-799.11,0.0261026,0.288
564000,0,0.0267035,-799.274,0.0666829,0.2885
564500,0,-0.388327,-798.16,0.637327,0.302
565000,0,-0.349148,-798.191,0.452337,0.300714
565500,0,-0.129587,-799.589,0.231372,0.396
566000,0,0.074681,-797.281,0.447797,0.296
566500,0,0.0966172,-797.738,0.476994,0.3
567000,0,-0.364009,-797.673,0.518692,0.324
567500,0,-0.219843,-798.778,0.446356,0.316
568000,0,-0.0475574,-797.79,0.551043,0.3015
568500,0,-0.232328,-797.296,0.869836,0.326
569000,0,0.22769,-798.263,0.258461,0.299857
569500,0,0.00602062,-797.705,0.380868,0.308
570000,0,-0.90605,-797.985,1.43449,0.310333
570500,0,-0.877503,-799.25,1.30616,0.326
571000,0,-0.569118,-800.683,1.07658,0.328
571500,0,-0.320722,-798.252,0.70241,0.308
572000,0,-0.735247,-797.971,0.894997,0.323667
572500,0,0.500677,-800.326,0.0132292,0.314
573000,0,0.340431,-800.347,0.236238,0.322333
573500,0,-0.238099,-802.916,0.840768,0.324
574000,0,-0.202686,-799.818,0.344566,0.323
574500,0,0.123953,-801.251,0.19625,0.326
575000,0,0.199093,-798.116,0.196888,0.313
575500,0,-0.107106,-798.067,0.662237,0.31
576000,0,0.393702,-799.028,0.218251,0.302
576500,0,0.754534,-799.251,0.0857489,0.324
577000,0,0.366631,-799.327,0.454581,0.299
577500,0,0.946131,-799.767,0.0191353,0.322
578000,0,0.303742,-799.307,0.646867,0.31
578500,0,-0.515479,-798.644,1.36413,0.334
579000,0,0.606982,-799.269,0.369147,0.316
579500,0,0.351574,-801.855,0.544546,0.342
580000,1,-0.761251,-800.201,2.37639,0.315
580500,0,0.732759,-798.958,0.0307912,0.45
581000,0,-1.51988,-797.475,2.16591,0.385
581500,0,-0.082437,-799.418,1.03277,0.336
582000,0,0.746329,-805.981,0.201404,0.3284
582500,0,0.53382,-799.195,0.372901,0.346
583000,0,0.89903,-798.492,0.012511,0.31
583500,0,0.796204,-801.112,0.0272415,0.3
584000,1,1.5132,-802.099,0.414086,0.338
584500,0,0.459446,-798.314,0.18047,0.36
585000,0,-0.133615,-800.533,0.708909,0.323
585500,0,0.17374,-799.096,0.417076,0.308
586000,0,0.298808,-798.321,0.118781,0.316
586500,0,-0.526533,-797.665,1.17372,0.3
587000,0,-0.711762,-797.486,1.29959,0.31
587500,0,-0.0881785,-798.874,0.4902,0.304
588000,0,0.233633,-798.76,0.140338,0.321
588500,0,0.171553,-797.816,0.427893,0.304
589000,0,0.594952,-799.768,0.22248,0.325
589500,0,0.655286,-798.892,0.107257,0.294
590000,0,0.00673284,-798.515,0.728586,0.320842
590500,0,-0.0167228,-797.394,0.621242,0.3
591000,0,0.8475,-798.267,0.00220728,0.3235
591500,0,0.738077,-800.745,0.133883,0.388
592000,0,-0.368414,-800.164,0.19004,0.320556
592500,0,-0.277552,-799.136,0.135708,0.298
593000,0,-0.875139,-800.098,0.663096,0.304
593500,0,-0.227018,-800.715,0.395948,0.31
594000,0,0.120148,-799.441,0.327258,0.324
594500,0,0.334527,-798.902,0.353048,0.33
595000,0,-0.462181,-798.441,1.18777,0.307
595500,0,1.03683,-800.35,0.0100664,0.284
596000,0,0.660402,-800.278,0.321343,0.293
596500,0,0.851107,-799.564,0.0828961,0.304
597000,0,-0.972033,-797.895,1.47827,0.30425
597500,0,0.427263,-798.28,0.103902,0.31
598000,0,-0.0798078,-798.363,0.507384,0.326
598500,0,-0.904943,-798.497,1.07394,0.274
599000,0,0.45063,-800.21,0.0962444,0.319333
599500,0,0.323466,-799.776,0.160631,0.304
600000,0,0.140062,-799.099,0.359856,0.3165
600500,0,0.371035,-799.97,0.246742,0.29
601000,0,0.0894236,-798.624,0.299574,0.31
601500,0,0.177615,-799.786,0.0473081,0.284
602000,0,-0.658848,-798.841,0.96336,0.283
602500,0,-0.419708,-798.486,0.528142,0.264
603000,0,-0.231501,-797.663,0.515044,0.308077
603500,0,0.322256,-797.242,0.124985,0.322
604000,0,0.164198,-800.366,0.146341,0.298
604500,0,0.261888,-797.805,0.326958,0.282
605000,0,0.247749,-799.821,0.241617,0.304667
605500,0,-0.121073,-798.348,0.389613,0.386
606000,0,-1.10027,-801.243,0.789507,0.306857
606500,0,-0.340882,-798.437,0.335536,0.268
607000,0,-0.168337,-798.01,0.228212,0.28
607500,0,-0.75114,-803.71,0.166677,0.304
608000,0,-0.709768,-800.259,0.414278,0.309333
608500,0,0.0147415,-799.243,0.0780228,0.318
609000,0,0.283643,-797.562,0.485764,0.3062
609500,0,0.22528,-798.967,0.0832834,0.322
610000,0,-0.121814,-801.216,0.310744,0.286
610500,0,0.15426,-797.835,0.204305,0.322
611000,0,-1.24518,-800.578,1.27525,0.31
611500,0,-0.830137,-798.262,1.13402,0.282
612000,0,0.0800796,-797.23,0.400678,0.304
612500,0,0.108925,-797.586,0.300916,0.314
613000,0,-0.0744652,-797.529,0.486923,0.293
613500,0,-0.292926,-799.353,0.668103,0.28
614000,0,-0.0591717,-797.38,0.474706,0.279
614500,0,-0.456576,-798.359,0.486924,0.352
615000,0,-0.0698133,-799.06,0.408079,0.29725
615500,0,0.402013,-799.964,0.124659,0.26
616000,0,0.0849568,-799.431,0.0361938,0.3065
616500,0,-0.194937,-797.686,0.452201,0.302
617000,0,-0.192458,-799.708,0.615421,0.295
617500,0,0.531677,-799.697,0.0646184,0.336
618000,0,0.429498,-798.123,0.233778,0.303364
618500,0,0.712843,-797.923,0.00212628,0.318
619000,0,0.176366,-798.145,0.576982,0.321
619500,0,-2.103,-800.582,2.62455,0.322
620000,0,0.450006,-797.735,0.254415,0.3146
620500,0,-0.0967013,-798.2,0.704555,0.238
621000,0,0.219003,-797.913,0.143406,0.303211
621500,0,-0.220971,-799.46,0.336972,0.37
622000,0,0.528554,-797.533,0.130571,0.3175
622500,0,0.293067,-798.046,0.0898708,0.328
623000,0,0.495582,-797.679,0.0823209,0.328
623500,0,0.23948,-798.393,0.295249,0.298
624000,0,-0.48249,-799.95,1.04714,0.282
624500,0,0.542062,-799.048,0.201766,0.262
625000,0,-0.311282,-797.904,0.470537,0.310875
625500,0,-0.581913,-799.304,0.949666,0.328
626000,0,0.564858,-800.261,0.0757308,0.313
626500,0,0.293786,-797.705,0.300108,0.296
627000,0,-0.382636,-798.158,0.660708,0.305
627500,0,-0.218278,-800.6,0.220204,0.296
628000,0,0.17567,-798.102,0.247053,0.316
628500,1,-1.05944,-798.762,0.802006,0.384
629000,0,0.0680479,-800.398,0.236906,0.423
629500,0,0.0177299,-800.351,0.0826449,0.344
630000,0,-0.0718463,-798.541,0.287133,0.303
630500,0,-0.228432,-798.488,0.423641,0.29
631000,0,-0.533378,-798.412,0.734099,0.287
631500,0,-0.460577,-798.872,0.543921,0.302
632000,0,0.57955,-799.454,0.159466,0.317375
632500,0,0.659342,-799.437,0.00073252,0.36
633000,0,0.061039,-798.275,0.412698,0.33
633500,0,0.33956,-797.91,0.0142743,0.298
634000,0,-1.21873,-798.615,1.49599,0.289
634500,0,0.329841,-798.026,0.275214,0.338
635000,0,0.494832,-797.374,0.0499205,0.313
635500,0,-1.47734,-799.678,1.77835,0.312
636000,0,0.348286,-798.256,0.105598,0.296
636500,0,-0.514425,-797.686,1.08473,0.3
637000,0,-0.137685,-799.953,0.280989,0.293667
637500,0,-0.566973,-800.95,0.431589,0.254
638000,0,1.78629e-006,-798.833,0.0356633,0.277
638500,0,-0.779896,-798.883,0.958321,0.292
639000,0,-0.0539187,-798.925,0.175622,0.3132
639500,0,-0.127885,-798.505,0.405723,0.262
640000,0,0.455001,-798.298,0.0596866,0.293
640500,0,-0.787368,-798.41,1.31901,0.298
641000,0,-0.180185,-797.933,0.452192,0.2962
641500,0,-0.0207544,-797.693,0.238931,0.328
642000,0,0.0598628,-797.759,0.0755987,0.304333
642500,0,0.081069,-798.178,0.224753,0.318
643000,0,-0.0687537,-797.644,0.443845,0.319
643500,0,0.0196997,-798.013,0.396685,0.312
644000,0,0.460247,-797.43,0.0047918,0.308
644500,0,0.133298,-798.629,0.147645,0.332
645000,0,-0.68327,-799.477,0.539812,0.309
645500,0,-0.47328,-800.167,0.27075,0.356
646000,0,-0.17372,-798.993,0.0402474,0.312333
646500,0,-0.287739,-798.308,0.323601,0.28
647000,0,0.280448,-797.303,0.212155,0.307556
647500,0,0.0518571,-797.863,0.060058,0.38
648000,0,-0.0726961,-798.66,0.379939,0.321
648500,0,-0.913421,-801.245,1.14354,0.294
649000,0,0.512232,-798.847,0.00354443,0.31325
649500,0,0.28306,-798.861,0.207804,0.27
650000,0,0.326063,-799.633,0.0711306,0.266
650500,0,0.0502667,-800.275,0.343732,0.32
651000,0,-0.229427,-801.642,0.473131,0.3106
651500,0,0.185964,-800.179,0.100874,0.304
652000,0,-0.242623,-798.352,0.554382,0.303
652500,0,0.149833,-798.117,0.495,0.27
653000,0,0.636286,-801.071,0.395062,0.317667
653500,0,-0.227368,-800.568,1.25647,0.358
654000,0,0.465984,-802.982,0.525843,0.328
654500,0,0.694435,-801.706,0.357334,0.326
655000,0,0.912105,-802.321,0.151166,0.327
655500,0,-0.317853,-802.755,1.42745,0.326
656000,0,0.782052,-801.659,0.110178,0.307
656500,0,0.587354,-799.74,0.149102,0.3
657000,1,1.73185,-800.992,0.204205,0.318
657500,0,0.70784,-800.387,0.340018,0.332
658000,0,0.290143,-797.366,0.39694,0.324
658500,0,0.0761566,-798.086,0.539771,0.278
659000,0,0.499474,-797.355,0.137761,0.293
659500,0,0.563099,-797.947,0.188529,0.304
660000,0,0.37393,-797.523,0.284862,0.3085
660500,0,-0.0124919,-797.698,0.272023,0.31
661000,0,0.0551299,-798.878,0.235686,0.291
661500,0,0.00882923,-800.85,0.225039,0.254
662000,0,0.234659,-797.56,0.0752609,0.305
662500,0,-0.0610378,-798.19,0.356628,0.356
663000,0,0.164451,-798.274,0.254322,0.306
663500,0,0.767156,-798.203,0.0432477,0.266
664000,0,0.456151,-797.732,0.0412399,0.310667
664500,0,0.0899749,-797.428,0.393958,0.37
665000,0,-0.289793,-798.777,0.671114,0.355
665500,0,0.542488,-798.35,0.0778332,0.302
666000,0,-0.199809,-797.575,0.920415,0.302571
666500,0,0.36786,-798.277,0.152704,0.322
667000,0,0.225209,-798.773,0.185426,0.307
667500,0,0.195676,-799.401,0.143344,0.342
668000,0,0.433458,-797.554,0.0734577,0.323
668500,0,-0.129386,-799.182,0.354293,0.284
669000,0,-0.246844,-799.259,0.0502166,0.309571
669500,0,-0.110193,-798.208,0.124135,0.3
670000,0,-0.244176,-799.914,0.625536,0.2995
670500,0,-0.275273,-797.647,0.662761,0.286
671000,1,-2.66752,-801.549,2.08839,0.304875
671500,0,0.16347,-799.569,0.0797786,0.34
672000,0,0.395894,-798.38,0.156501,0.32
672500,0,0.0855999,-797.849,0.113662,0.266
673000,0,0.345647,-798.935,0.216246,0.31725
673500,0,0.0316339,-797.837,0.735262,0.286
674000,0,0.112618,-799.312,0.548366,0.30925
674500,0,-1.16504,-797.553,1.73184,0.284
675000,0,0.45468,-798.268,0.0466756,0.301
675500,0,0.482499,-798.821,0.101798,0.324
676000,0,-0.067483,-799.238,1.02132,0.321
676500,0,0.199253,-799.223,0.656591,0.306
677000,0,0.670354,-798.811,0.0842161,0.31
677500,0,0.453807,-797.453,0.141008,0.32
678000,0,-0.472993,-797.711,1.18599,0.3096
678500,0,0.352312,-800.341,0.26151,0.344
679000,0,-0.424531,-797.811,0.905531,0.3295
679500,0,0.0110604,-798.069,0.289482,0.324
680000,0,0.0354748,-799.88,0.821255,0.306
680500,0,-0.335791,-801.401,1.09403,0.286
681000,0,-0.121973,-798.495,0.895752,0.311
681500,0,0.799914,-798.157,0.0103304,0.324
682000,0,0.662139,-798.137,0.125575,0.30875
682500,0,0.710009,-800.047,0.00812419,0.27
683000,0,0.278565,-798.093,0.24807,0.282
683500,0,0.194884,-797.927,0.535906,0.308
684000,0,0.249993,-799.017,0.5835,0.30475
684500,0,0.342391,-798.452,0.500233,0.302
685000,0,-0.491575,-798.405,1.0993,0.30435
685500,0,-0.0303046,-798.469,0.445665,0.29
686000,0,0.173623,-797.764,0.173705,0.319333
686500,0,-1.36033,-797.694,1.71512,0.3
687000,0,-1.00384,-800.173,0.943132,0.3025
687500,0,-0.56668,-801.036,0.513994,0.274
688000,0,-0.210931,-798.349,0.360773,0.304857
688500,0,-0.121125,-798.6,0.315908,0.296
689000,1,-2.2097,-799.872,1.50537,0.3074
689500,0,-0.220788,-798.629,0.331943,0.43
690000,0,-0.0664212,-798.082,0.492852,0.38
690500,0,-0.158803,-798.579,0.239526,0.314
691000,0,0.138662,-797.602,0.218436,0.31975
691500,0,0.336078,-797.606,0.121896,0.28
692000,0,0.534161,-798.653,0.112369,0.292
692500,0,-0.298776,-797.734,1.07003,0.294
693000,0,0.114613,-798.626,0.617301,0.29
693500,0,-0.056567,-798.405,0.759099,0.324
694000,0,-0.102976,-797.511,0.565631,0.3045
694500,0,-0.122813,-797.831,0.66383,0.324
695000,0,0.223841,-797.853,0.366075,0.333
695500,1,-5.83876,-799.661,3.09717,0.286
696000,0,-1.54937,-798.856,2.25797,0.303
696500,0,-0.362126,-800.819,0.656168,0.31
697000,0,-0.233863,-798.51,0.824013,0.309727
697500,0,0.554684,-797.333,0.0340456,0.282
698000,0,0.36851,-799.386,0.183307,0.305
698500,0,0.361494,-797.977,0.254627,0.294
699000,0,0.446655,-797.195,0.049415,0.311833
699500,0,0.332045,-798.552,0.278799,0.314
700000,0,-1.10242,-799.041,1.91169,0.305
700500,0,0.330809,-797.67,0.18819,0.302
701000,0,-0.819706,-799.85,0.970933,0.295
701500,0,-0.709473,-799.094,0.788876,0.266
702000,0,0.301208,-798.753,0.250673,0.3005
702500,0,0.211041,-799.039,0.63396,0.314
703000,0,-1.17923,-799.295,1.54381,0.3104
703500,0,0.151532,-799.089,0.150543,0.294
704000,0,0.0121789,-798.981,0.63467,0.322
704500,0,0.575207,-799.059,0.0665753,0.326
705000,0,-0.815428,-798.332,1.47287,0.315
705500,0,-0.262609,-798.625,0.498258,0.298
706000,0,0.174541,-797.466,0.527456,0.3225
706500,0,0.157619,-798.3,0.67786,0.304
707000,0,0.55119,-799.435,0.287469,0.302
707500,0,0.354979,-799.648,0.579578,0.34
708000,0,-0.106498,-797.337,0.70568,0.308333
708500,0,0.023177,-799.59,0.365418,0.282
709000,0,-0.544938,-797.226,1.01274,0.307
709500,0,0.581599,-798.836,0.0466941,0.278
710000,0,-0.842299,-798.172,1.16628,0.311889
710500,0,0.322568,-798.647,0.233162,0.29
711000,0,0.374736,-797.874,0.166052,0.298
711500,0,-0.143513,-802.075,0.956301,0.352
712000,0,0.896354,-801.921,0.0760094,0.3135
712500,0,-0.246418,-800.53,1.20468,0.314
713000,0,-0.0618671,-800.443,0.735544,0.3085
713500,0,0.546422,-797.279,0.111142,0.292
714000,0,-0.167684,-798.418,0.142822,0.311333
714500,0,-0.393068,-799.26,0.310718,0.278
715000,0,-0.140105,-799.436,0.192082,0.315
715500,0,0.380096,-797.914,0.204743,0.294
716000,0,0.0631685,-797.875,0.679913,0.308
716500,1,0.162908,-798.245,0.778222,0.298
717000,0,-0.00048895,-798.284,0.520999,0.436
717500,0,0.0678904,-798.287,0.199016,0.318
718000,0,-0.159488,-798.457,0.640387,0.306
718500,0,-0.762968,-797.916,1.32525,0.31
719000,0,-1.45939,-799.027,1.61401,0.33975
719500,0,0.10685,-798.102,0.0578208,0.322
720000,0,-0.982068,-799.221,1.37969,0.304
720500,0,0.256912,-797.123,0.190196,0.328
721000,0,-0.969679,-799.2,1.09113,0.319125
721500,0,-1.29836,-798.269,1.52168,0.3
722000,0,0.115556,-802.109,0.423954,0.307
722500,0,-0.149781,-799.504,0.786178,0.33
723000,0,-0.287833,-798.756,1.10162,0.3025
723500,0,-0.280629,-800.168,1.07494,0.294
724000,0,0.586713,-800.253,0.0139337,0.296667
724500,0,-0.12938,-799.481,0.619522,0.292
725000,0,-0.660487,-801.655,0.783659,0.29
725500,0,0.113099,-798.231,0.282933,0.294
726000,0,-1.31448,-801.127,1.21658,0.294667
726500,0,-0.386525,-802.312,0.156482,0.258
727000,0,-0.269256,-797.713,0.67455,0.2986
727500,0,-0.027721,-798.795,0.432542,0.296
728000,0,-0.249472,-799.156,0.131198,0.302333
728500,0,-0.597009,-799.882,0.327156,0.276
729000,0,-0.132727,-798.331,0.209059,0.312091
729500,1,0.176551,-799.173,0.829896,0.322
730000,0,-0.192961,-800.208,0.108338,0.307
730500,0,0.276113,-797.286,0.229905,0.312
731000,0,-0.128817,-798.308,0.202715,0.298
731500,0,-0.0195698,-801.464,0.0937648,0.324
732000,0,-0.535717,-797.606,0.741063,0.295
732500,0,-0.0176606,-798.902,0.354085,0.34
733000,0,0.209632,-798.481,0.316327,0.313
733500,0,-0.190297,-798.837,0.35888,0.316
734000,0,-0.423386,-800.537,0.505856,0.291
734500,0,-0.0838863,-797.663,0.356185,0.292
735000,0,0.351678,-797.187,0.068906,0.317667
735500,0,-1.34433,-800.793,1.41151,0.288
736000,0,-0.889881,-802.453,0.868289,0.301
736500,0,-0.0607884,-798.967,0.300075,0.318
737000,0,0.316084,-797.894,0.0198859,0.322429
737500,0,0.475284,-797.185,0.117133,0.29
738000,0,-1.28711,-798.686,1.44587,0.296
738500,0,-1.04419,-798.306,1.09033,0.296
739000,0,0.547885,-798.033,0.0466503,0.315
739500,0,-1.70741,-797.45,2.23873,0.286
740000,0,-0.538798,-799.139,0.725001,0.306167
740500,0,-0.0798668,-799.865,0.329134,0.3
741000,0,-0.315377,-800.076,0.689562,0.292
741500,0,-0.0889327,-798.536,0.143045,0.28
742000,0,0.201301,-797.296,0.158483,0.313
742500,0,0.13607,-799.738,0.0856316,0.3
743000,0,-0.205194,-800.264,0.499198,0.2934
743500,0,0.442657,-797.86,0.16024,0.304
744000,0,-0.690545,-798.199,1.41245,0.334
744500,0,0.595599,-799.373,0.0996887,0.3
745000,0,0.610797,-797.761,0.049024,0.319
745500,1,0.945727,-796.498,0.518078,0.37
746000,0,0.781623,-799.065,0.0848985,0.441
746500,0,0.739712,-797.958,0.107104,0.322
747000,0,-0.655524,-799.245,1.32025,0.325
747500,0,0.0428147,-797.869,0.428039,0.346
748000,0,-0.178215,-799.532,0.877814,0.340167
748500,0,0.47468,-797.748,0.298643,0.272
749000,0,0.197089,-798.397,0.365373,0.3025
749500,0,-0.077939,-797.692,0.378317,0.286
750000,1,0.239547,-794.161,0.284684,0.335
750500,0,-0.605193,-800.579,0.747371,0.378
751000,0,0.440322,-800.153,0.0195693,0.315
751500,0,-1.39117,-799.253,1.76139,0.326
752000,0,0.257898,-797.236,0.084106,0.323667
752500,0,-0.173489,-798.31,0.326845,0.318
753000,0,0.240602,-799.79,0.0498561,0.302
753500,0,-1.97319,-798.879,2.40307,0.296
754000,0,0.302551,-799.632,0.0237614,0.3216
754500,0,0.413497,-799.465,0.02298,0.322
755000,0,0.260414,-797.819,0.00103422,0.323
755500,1,0.493863,-802.498,0.645691,0.34
756000,0,0.31987,-797.776,0.412284,0.3234
756500,0,0.638558,-801.044,0.0987729,0.288
757000,0,-0.526519,-798.502,1.01074,0.317
757500,0,0.42924,-797.954,0.156587,0.314
758000,0,0.367551,-798.74,0.0292059,0.313125
758500,0,0.0848453,-798.829,0.240473,0.328
759000,0,-1.33834,-799.49,1.45071,0.333
759500,0,-0.528855,-799.684,0.456657,0.28
760000,0,-0.544035,-797.982,0.790836,0.318
760500,1,-1.86279,-803.401,0.991563,0.348
761000,0,-0.412941,-799.473,0.364898,0.32
761500,0,-0.215842,-798.482,0.212161,0.316
762000,0,0.21601,-797.835,0.00974827,0.307667
762500,0,0.0418981,-797.764,0.248729,0.306
763000,0,-0.349242,-800.482,0.267601,0.301
763500,0,0.262427,-798.111,0.0735572,0.416
764000,0,0.00521621,-798.576,0.317938,0.369
764500,0,0.0226521,-798.294,0.10896,0.318
765000,0,-1.30243,-798.622,1.23188,0.312
765500,0,-0.369274,-799.614,0.0716716,0.274
766000,0,0.194388,-800.424,0.0801053,0.3128
766500,0,0.163674,-798.058,0.333454,0.28
767000,0,-0.29048,-802.216,0.12549,0.279
767500,0,-0.463887,-799.566,0.406986,0.316
768000,0,0.0695787,-799.653,0.129638,0.314
768500,0,-0.480101,-799.187,0.274129,0.298
769000,0,-1.00689,-798.791,0.948157,0.316
769500,0,-0.11599,-799.48,0.0869229,0.29
770000,0,-0.0841228,-798.102,0.102074,0.311
770500,0,-0.45228,-800.526,0.046707,0.45
771000,0,-0.640718,-800.952,0.146692,0.36
771500,0,-0.376477,-798.562,0.347783,0.296
772000,0,-0.0311043,-798.512,0.0519033,0.318
772500,0,-0.608628,-798.815,0.786183,0.316
773000,0,-1.82177,-800.267,1.82044,0.329
773500,0,-0.367757,-798.936,0.412339,0.292
774000,0,-1.10655,-799.25,0.962217,0.298
774500,0,-0.301667,-798.704,0.160024,0.254
775000,0,-0.135535,-798.509,0.0339357,0.29
775500,0,-0.851453,-799.969,0.722539,0.292
776000,0,-0.638252,-800.571,1.03585,0.315
776500,0,-0.35868,-798.043,0.605595,0.3
777000,0,0.151564,-798.97,0.0969251,0.312
777500,0,-3.8267,-798.85,4.30613,0.312
778000,0,0.118864,-800.057,0.395127,0.312
778500,0,0.254607,-798.929,0.328689,0.308
779000,0,0.299243,-798.441,0.20821,0.2965
779500,0,-0.400893,-801.767,0.477741,0.336
780000,0,0.227138,-799.664,0.459304,0.305
780500,0,-0.821349,-798.331,1.60087,0.246
781000,1,-0.686855,-800.176,0.182196,0.3
781500,0,0.332202,-797.914,0.119301,0.41
782000,0,0.444498,-798.544,0.376032,0.3202
782500,0,0.644651,-798.497,0.174348,0.298
783000,0,0.359765,-797.407,0.102189,0.314643
783500,0,-0.403529,-797.944,1.07564,0.288
784000,0,-1.64554,-798.651,2.55133,0.311
784500,0,0.365959,-800.246,0.101451,0.336
785000,0,0.286283,-797.915,0.147601,0.3235
785500,0,-0.816358,-798.059,0.96963,0.316
786000,0,-0.988219,-798.777,0.854523,0.284
786500,0,-0.139871,-799.249,0.165356,0.32
787000,0,-0.485593,-801.563,0.485528,0.309444
787500,0,-0.646771,-799.138,0.440734,0.314
788000,0,-2.07617,-798.538,2.13781,0.323
788500,0,-0.583797,-797.441,0.895437,0.342
789000,0,-1.55982,-800.91,1.04704,0.325333
789500,0,-0.488408,-798.974,0.34072,0.31
790000,0,0.318238,-798.567,0.0574104,0.3175
790500,0,-0.440388,-799.669,0.751835,0.288
791000,0,0.211227,-799.45,0.393568,0.311429
791500,0,0.465565,-801.633,0.0108208,0.316
792000,0,0.0167256,-798.066,0.426597,0.303
792500,0,-0.289375,-797.927,0.537852,0.312
793000,1,-0.544642,-795.701,0.302988,0.329
793500,0,0.425072,-797.697,0.0666074,0.306
794000,0,-0.343393,-799.634,0.755477,0.306667
794500,0,-0.00950118,-800.992,0.222323,0.328
795000,0,0.426866,-800.241,0.121207,0.316
795500,0,-0.0412715,-798.437,0.482595,0.292
796000,0,-0.118231,-799.843,0.415496,0.307833
796500,0,-0.587953,-799.117,0.60672,0.286
797000,0,-0.108669,-798.069,0.37076,0.288
797500,0,-0.142248,-798.874,0.542058,0.324
798000,0,-0.673423,-799.13,0.529894,0.3098
798500,0,0.295963,-797.763,0.0299752,0.304
799000,0,0.395447,-799.711,0.158678,0.309
799500,0,0.497503,-797.741,0.047001,0.356
800000,0,0.413595,-797.725,0.12886,0.311667
800500,0,0.450729,-798.028,0.0483631,0.296
801000,0,0.149927,-797.184,0.459316,0.3115
801500,0,0.343624,-798.391,0.522546,0.304
802000,0,-0.379236,-799.753,1.0843,0.312
802500,0,-0.421206,-798.598,1.15996,0.314
803000,0,-0.816247,-798.056,1.56947,0.315
803500,0,0.745319,-798.748,0.0472124,0.304
804000,0,0.491101,-802.491,0.191222,0.327
804500,0,0.370726,-798.919,0.306503,0.292
805000,0,0.245763,-797.446,0.343727,0.298
805500,0,0.36034,-797.918,0.300679,0.298
806000,0,0.493701,-798.139,0.262094,0.316
806500,0,-0.235312,-798.844,0.914379,0.332
807000,0,0.459466,-797.379,0.22445,0.311556
807500,0,-0.0211093,-797.662,0.619668,0.342
808000,0,0.906057,-798.571,0.0200053,0.317429
808500,0,0.521829,-799.235,0.30683,0.294
809000,0,0.39885,-798.033,0.273312,0.314437
809500,0,0.408671,-799.271,0.284,0.286
810000,0,0.755087,-800.551,0.257017,0.321
810500,0,0.963065,-803.873,0.0627621,0.316
811000,0,0.916888,-801.535,0.0201944,0.304
811500,0,-0.120434,-800.953,1.06177,0.268
812000,0,-0.893352,-798.384,1.51013,0.3008
812500,0,0.282354,-798.741,0.420714,0.282
813000,0,-0.122123,-799.695,0.720924,0.2795
813500,0,-0.228741,-798.481,0.561597,0.336
814000,0,-0.16181,-797.933,0.297752,0.314
814500,0,0.284425,-798.316,0.153575,0.314
815000,0,0.0256257,-798.308,0.370513,0.302
815500,0,0.233338,-798.395,0.0476181,0.292
816000,0,0.00631194,-800.716,0.806114,0.296429
816500,0,-0.113475,-797.581,0.603471,0.372
817000,0,-0.375424,-799.074,0.592166,0.326
817500,0,-0.519843,-798.58,0.48729,0.308
818000,0,0.0435769,-798.287,0.21871,0.306
818500,0,-0.0223963,-797.574,0.252274,0.304
819000,0,-1.67103,-798.309,1.72809,0.308091
819500,0,-0.357421,-798.605,0.675622,0.322
820000,0,0.332452,-798.043,0.139495,0.314
820500,0,0.285698,-797.978,0.106193,0.268
821000,0,-0.175117,-798.036,0.360012,0.3005
821500,0,0.0411053,-799.583,0.143242,0.288
822000,0,-1.46369,-798.061,1.553,0.274
822500,0,-0.519401,-802.067,0.221277,0.308
823000,0,-0.00868272,-798.915,0.09569,0.302
823500,0,-0.632125,-801.139,0.240508,0.318
824000,0,0.162164,-797.676,0.0261389,0.305
824500,0,-0.0788102,-797.58,0.429747,0.33
825000,0,0.255113,-799.871,0.150324,0.313
825500,0,-1.05741,-797.719,1.49957,0.312
826000,0,-0.549282,-798.325,0.843005,0.3065
826500,0,-0.907298,-799.197,1.37768,0.292
827000,0,-0.137641,-797.881,0.681132,0.323
827500,0,-0.155388,-797.925,0.490227,0.304
828000,0,-0.956701,-798.054,1.37824,0.301
828500,0,0.808382,-799.01,0.114497,0.302
829000,0,0.865957,-801.248,0.13645,0.313
829500,0,0.32084,-800.894,0.628541,0.336
830000,0,0.555613,-800.614,0.285746,0.337
830500,0,0.667219,-799.434,0.0278121,0.318
831000,0,0.456129,-800.338,0.485818,0.316
831500,0,0.330816,-801.275,0.625028,0.316
832000,0,0.668838,-797.628,0.0408814,0.311875
832500,0,0.509309,-798.089,0.244137,0.33
833000,0,0.681553,-797.625,0.0160816,0.315182
833500,0,0.48277,-797.83,0.186067,0.346
834000,0,0.502065,-801.054,0.475479,0.319
834500,0,0.852401,-798.553,0.0408179,0.3
835000,0,-0.328727,-799.551,0.985162,0.318
835500,0,-0.390847,-797.67,0.940619,0.318
836000,0,0.595197,-799.317,0.0854515,0.335
836500,0,-1.12445,-798.336,1.90105,0.298
837000,0,0.452965,-797.417,0.0398921,0.272
837500,0,0.16764,-800.029,0.20255,0.292
838000,0,-1.03694,-797.365,1.35649,0.312538
838500,0,-0.189973,-802.281,0.780093,0.28
839000,0,-1.26148,-800.621,0.879121,0.302833
839500,0,-0.213246,-800.371,0.15788,0.324
840000,0,-1.48987,-800.646,1.21762,0.315
840500,0,-0.436075,-798.568,0.622889,0.306
841000,0,0.1726,-798.822,0.258113,0.307333
841500,0,0.0702903,-797.989,0.0544176,0.328
842000,0,0.413449,-797.825,0.099805,0.324
842500,0,-0.216913,-797.532,0.542372,0.296
843000,0,0.0168848,-800.483,0.347143,0.287
843500,0,-0.469596,-801.022,0.604512,0.316
844000,0,-0.907276,-800.769,0.927802,0.306857
844500,0,-0.136312,-797.989,0.560737,0.29
845000,0,-0.740102,-799.625,1.04566,0.306143
845500,0,0.0402071,-797.514,0.169183,0.288
846000,0,-0.568193,-798.657,1.09731,0.288
846500,0,0.228812,-799.569,0.178739,0.292
847000,0,0.208226,-797.969,0.042872,0.305714
847500,0,-0.886628,-797.627,1.27467,0.332
848000,0,0.0369483,-797.752,0.411665,0.3115
848500,0,0.243814,-797.35,0.447803,0.318
849000,0,0.353702,-797.645,0.401668,0.3205
849500,0,-0.1271,-797.556,0.761552,0.302
850000,0,0.328485,-798.546,0.140673,0.305
850500,0,0.355816,-797.3,0.208818,0.31
851000,0,0.29388,-797.928,0.164724,0.310375
851500,0,0.0897738,-797.577,0.400557,0.35
852000,0,0.556041,-799.466,0.0290972,0.327
852500,0,0.479318,-799.641,0.0229788,0.356
853000,1,-0.476966,-800.847,1.19873,0.391
853500,0,0.0635864,-799.53,0.562161,0.314
854000,0,-0.562976,-798.363,1.32827,0.291
854500,0,0.66232,-799.092,0.002444,0.332
855000,0,0.62327,-798.029,0.031734,0.333
855500,0,-0.13391,-798.895,0.421112,0.316
856000,0,-0.0417519,-798.298,0.138951,0.322
856500,0,-0.535456,-802.346,0.968981,0.31
857000,0,0.0667257,-799.135,0.445517,0.311
857500,0,0.375945,-798.469,0.129946,0.322
858000,0,0.137503,-798.575,0.332465,0.3203
858500,0,0.172527,-797.818,0.375508,0.324
859000,0,0.532485,-798.772,0.306829,0.335
859500,0,0.357931,-799.052,0.384341,0.288
860000,0,0.486473,-797.803,0.309243,0.316
860500,1,-0.946163,-799.144,1.0484,0.344
861000,0,0.265628,-799.172,0.308798,0.327
861500,0,0.487886,-798.655,0.205325,0.33
862000,0,0.572167,-799.001,0.115785,0.317389
862500,0,0.552228,-797.575,0.072121,0.326
863000,0,0.245012,-799.774,0.225135,0.324154
863500,0,-0.603069,-802.586,0.641629,0.304
864000,0,-0.97734,-798.846,1.02807,0.3105
864500,0,0.143448,-798.098,0.152466,0.316
865000,0,-0.662842,-797.667,1.00707,0.31325
865500,0,0.0435306,-800.365,0.137609,0.312
866000,0,0.0283296,-797.945,0.35844,0.3025
866500,0,-0.365201,-797.227,0.792414,0.282
867000,0,-0.774786,-798.659,0.809293,0.297
867500,0,-0.320377,-798.951,0.408005,0.308
868000,0,-0.728255,-798.456,1.01659,0.298
868500,0,0.105235,-798.497,0.396344,0.308
869000,0,0.350712,-797.105,0.127384,0.2925
869500,0,0.35344,-797.464,0.0814085,0.296
870000,0,0.0393882,-797.851,0.399413,0.298
870500,0,-1.71159,-800.252,1.43138,0.322
871000,0,0.194187,-799.044,0.0605875,0.33
871500,0,-0.383776,-798.992,0.243802,0.336
872000,0,0.0243637,-798.537,0.0627791,0.312
872500,0,-0.1301,-799.498,0.0401513,0.274
873000,0,-0.561712,-799.105,0.400463,0.294
873500,0,-0.275119,-798.341,0.541239,0.312
874000,0,-1.01038,-798.55,1.42768,0.3125
874500,0,-1.19019,-798.04,1.91836,0.29
875000,0,-0.203339,-799.403,0.557623,0.3035
875500,0,0.128297,-799.47,0.150411,0.308
876000,0,0.428607,-799.515,0.0503591,0.309333
876500,0,0.215664,-798.77,0.525548,0.296
877000,0,0.5945,-798.132,0.133492,0.304
877500,0,0.737332,-799.283,0.233815,0.316
878000,0,0.760322,-799.06,0.163127,0.334
878500,0,-0.485688,-800.171,1.21322,0.318
879000,0,0.59179,-797.802,0.0843805,0.276
879500,0,-1.94458,-798.425,2.31542,0.304
880000,0,-0.687677,-797.18,1.21653,0.315
880500,0,0.285129,-797.44,0.299442,0.264
881000,0,-1.49951,-798.783,2.05394,0.28
881500,0,0.946498,-799.298,0.0356276,0.34
882000,0,-0.052001,-798.054,0.803512,0.302571
882500,0,-0.140087,-797.706,0.705865,0.3
883000,0,-0.285828,-799.802,0.527993,0.302889
883500,0,-1.22315,-801.099,1.01461,0.306
884000,0,-0.558125,-798.371,0.555433,0.309
884500,0,-0.596251,-798.944,0.780777,0.3
885000,0,-0.173455,-797.905,0.44004,0.313667
885500,0,0.221897,-797.87,0.0908673,0.348
886000,0,-1.38263,-797.862,1.62358,0.329
886500,0,0.108091,-798.053,0.307352,0.332
887000,0,-0.160425,-797.918,0.592481,0.323
887500,0,-0.0718204,-800.385,0.275739,0.334
888000,0,0.659573,-799.062,0.0772994,0.309194
888500,0,0.219156,-797.804,0.472132,0.394
889000,0,0.125628,-798.024,0.292923,0.371
889500,0,-0.366274,-798.106,0.732159,0.328
890000,0,0.264747,-798.091,0.124477,0.3
890500,0,0.0717037,-797.676,0.213324,0.298
891000,0,-0.194092,-800.002,0.40733,0.287
891500,0,0.34657,-798.657,0.0151276,0.326
892000,0,0.529885,-797.636,0.0105805,0.319
892500,0,-0.0489199,-798.037,0.591525,0.26
893000,0,0.244228,-797.964,0.541785,0.31475
893500,0,0.120135,-797.883,0.695582,0.332
894000,0,0.568854,-799.521,0.251637,0.343
894500,0,-0.583553,-800.213,1.21423,0.32
895000,0,0.418598,-798.261,0.311023,0.342
895500,0,0.34962,-800.373,0.296076,0.298
896000,0,0.590059,-797.356,0.0176528,0.3175
896500,0,0.308635,-797.755,0.494517,0.316
897000,0,0.612821,-800.71,0.150834,0.32
897500,0,-2.70172,-798.658,3.58518,0.324
898000,0,0.37747,-798.277,0.0458773,0.344
898500,0,0.201744,-797.24,0.374565,0.342
899000,0,-0.914594,-800.713,0.71062,0.334
899500,0,-0.0465249,-801.385,0.0617687,0.316
900000,0,-0.408451,-801.078,0.501315,0.319667
900500,0,-0.56595,-798.222,0.784744,0.276
901000,0,0.249441,-798.105,0.305467,0.289
901500,0,0.353702,-800.696,0.339807,0.308
902000,0,0.426602,-798.226,0.126988,0.283
902500,0,0.0824179,-797.71,0.36365,0.3
903000,0,0.0511278,-799.777,0.181651,0.319818
903500,0,-0.0600497,-798.119,0.298417,0.34
904000,0,-0.687341,-798.612,0.790453,0.348
904500,0,-0.0765271,-798.081,0.270869,0.312
905000,0,-0.0595411,-798.103,0.20359,0.351
905500,0,0.367736,-798.13,0.0171589,0.31
906000,0,0.413985,-800.11,0.159209,0.317316
906500,0,-1.28284,-798.923,1.57338,0.334
907000,0,0.0294935,-798.744,0.4729,0.318
907500,0,-0.105297,-798.818,0.692276,0.274
908000,0,-1.23684,-798.502,1.54112,0.291
908500,0,0.276652,-799.024,0.186817,0.312
909000,0,0.795465,-801.212,0.0204909,0.314857
909500,0,0.557414,-797.477,0.145804,0.242
910000,0,-0.302752,-799.533,0.906759,0.276
910500,0,0.57236,-797.454,0.0793786,0.334
911000,0,0.157532,-798.497,0.736456,0.322
911500,0,0.837363,-798.979,0.068721,0.334
912000,0,0.193279,-798.756,0.718189,0.33
912500,0,0.824034,-798.035,0.023062,0.312
913000,0,0.29189,-797.572,0.434224,0.334
913500,0,0.11992,-797.642,0.487877,0.3
914000,0,0.140976,-803.04,0.306437,0.323
914500,0,0.216728,-799.452,0.137648,0.264
915000,0,0.0763448,-798.325,0.153022,0.310688
915500,0,-2.80882,-797.858,3.08932,0.302
916000,0,-0.301285,-798.635,0.31377,0.307
916500,0,0.165256,-797.671,0.233572,0.306
917000,0,-0.823277,-799.475,1.62211,0.298333
917500,0,0.323981,-798.054,0.049859,0.334
918000,0,-0.498083,-801.912,0.0525322,0.3052
918500,0,-0.472606,-801.795,0.446917,0.29
919000,0,-0.538006,-799.18,0.386011,0.3
919500,0,-1.05702,-798.597,0.985743,0.294
920000,0,-0.87934,-799.379,0.673406,0.289
920500,0,-0.580552,-800.19,0.481229,0.302
921000,0,-0.689794,-798.738,0.680575,0.304
921500,0,-1.73865,-798.948,1.61277,0.308
922000,0,-0.371688,-798.454,0.774088,0.304667
922500,0,0.0645808,-798.428,0.0333056,0.332
923000,0,-0.882447,-798.821,0.771822,0.3
923500,0,-0.396768,-799.639,0.297336,0.34
924000,0,0.210283,-801.325,0.0801455,0.325
924500,0,-0.901165,-798.542,1.3245,0.246
925000,0,-1.11101,-797.673,1.39131,0.271
925500,0,0.470308,-797.243,0.0312417,0.32
926000,0,0.611799,-798.546,0.22345,0.305222
926500,0,-0.303538,-798.648,1.05663,0.306
927000,0,0.208749,-800.123,0.11273,0.3165
927500,0,-0.0717083,-798.037,0.286667,0.276
928000,0,-0.476359,-799.007,0.630421,0.304714
928500,0,-0.18133,-798.333,0.241413,0.302
929000,0,-0.748483,-799.183,0.56086,0.2935
929500,0,-0.976534,-802.758,1.0977,0.31
930000,0,0.363508,-798.177,0.211233,0.306
930500,0,0.498874,-797.45,0.109455,0.306
931000,0,-0.619895,-799.37,1.08067,0.303333
931500,0,-0.118019,-797.844,0.619776,0.284
932000,0,-0.190883,-800.864,0.586356,0.304167
932500,0,0.374356,-797.858,0.0709242,0.316
933000,0,-0.102426,-799.174,0.0179371,0.306536
933500,0,0.236506,-800.015,0.0681202,0.314
934000,0,0.330152,-799.727,0.123258,0.313
934500,0,0.382334,-800.102,0.0716758,0.274
935000,0,-0.264789,-800.589,0.570269,0.3064
935500,0,-0.665968,-797.454,1.26882,0.322
936000,0,0.168354,-797.885,0.184677,0.317
936500,0,-0.0670224,-797.48,0.3809,0.286
937000,0,-0.199327,-797.402,0.507849,0.276
937500,1,0.641386,-798.394,0.709719,0.29
938000,0,-0.0848961,-797.139,0.528635,0.328
938500,0,-0.314952,-800.405,0.342392,0.306
939000,0,-0.446352,-800.027,0.457638,0.306
939500,0,-0.196733,-799.282,0.173451,0.31
940000,0,-0.179214,-798.74,0.836007,0.309556
940500,0,0.428948,-797.66,0.130023,0.25
941000,0,-0.416345,-799.691,0.472682,0.2735
941500,0,0.0746086,-798.824,0.0053806,0.296
942000,0,0.0145581,-801.899,0.114166,0.293
942500,0,0.0413057,-798.279,0.369083,0.286
943000,0,0.237264,-798.029,0.393946,0.3062
943500,0,0.596704,-799.426,0.0273818,0.282
944000,0,-0.664206,-798.031,1.13012,0.27
944500,0,0.198713,-798.444,0.504832,0.3
945000,0,0.604424,-798.239,0.197421,0.301636
945500,0,0.587395,-800.394,0.325814,0.296
946000,0,0.62192,-798.252,0.0762041,0.3305
946500,0,-0.091063,-799.416,0.508005,0.278
947000,0,0.212566,-799.034,0.253212,0.293
947500,0,0.327072,-798.637,0.117402,0.336
948000,0,0.112607,-799.636,0.134619,0.313
948500,0,0.38644,-799.329,0.00609889,0.316
949000,0,-0.215804,-797.628,0.558054,0.308857
949500,0,0.369441,-801.098,0.0537191,0.296
950000,0,-1.48011,-797.618,1.9685,0.296
950500,0,0.2681,-798.063,0.160119,0.28
951000,0,0.134859,-798.012,0.260453,0.321
951500,0,-0.0699022,-799.417,0.0463575,0.304
952000,0,0.0757223,-798.469,0.142505,0.314571
952500,0,-0.355351,-797.875,1.00894,0.324
953000,0,0.418141,-797.956,0.244234,0.301
953500,0,-0.271553,-799.161,0.869656,0.3
954000,0,0.0804773,-798.311,0.207819,0.301214
954500,0,-1.00738,-799.146,1.34012,0.314
955000,0,-1.12765,-799.577,1.49808,0.30625
955500,0,-0.297693,-802.62,0.362624,0.326
956000,0,-0.0214075,-799.135,0.220845,0.307
956500,0,-1.12866,-799.045,1.28697,0.324
957000,0,-0.203779,-797.422,0.735534,0.306
957500,0,-0.208914,-799.386,0.915522,0.312
958000,0,-0.0781506,-800.34,0.184421,0.3135
958500,0,-0.0817336,-799.866,0.131803,0.268
959000,0,0.592501,-798.37,0.203931,0.308
959500,0,0.142084,-798.012,0.438267,0.31
960000,0,0.264261,-797.638,0.0432867,0.307429
960500,0,-0.152891,-797.913,0.722049,0.328
961000,0,0.437958,-797.242,0.144342,0.307
961500,0,0.347604,-797.326,0.203734,0.284
962000,0,-1.60716,-798.418,2.16914,0.29
962500,0,0.364128,-797.95,0.198261,0.312
963000,0,0.707108,-800.365,0.154198,0.300857
963500,0,0.734811,-798.478,0.0538697,0.282
964000,0,0.0473076,-798.277,0.161653,0.304
964500,0,-0.353804,-797.348,0.635923,0.27
965000,0,-0.589077,-798.544,0.873978,0.279
965500,0,0.0717587,-798.555,0.164819,0.328
966000,0,0.492064,-799.505,0.180891,0.311143
966500,0,-0.377304,-798.588,1.03354,0.308
967000,0,0.476844,-799.796,0.206618,0.31775
967500,0,0.0842407,-797.738,0.640745,0.304
968000,0,-1.22018,-798.142,1.65632,0.309
968500,0,-0.024145,-799.455,0.290875,0.334
969000,0,0.383866,-797.474,0.0323431,0.327
969500,0,0.431038,-799.411,0.0068393,0.332
970000,0,-2.1687,-799.009,2.34377,0.31075
970500,0,-1.95303,-798.507,1.94246,0.296
971000,0,-0.487195,-798.825,0.603598,0.288
971500,0,-0.222342,-798.235,0.435525,0.306
972000,0,-0.286278,-797.87,0.720375,0.295667
972500,0,0.203253,-797.247,0.190577,0.274
973000,0,-0.480212,-798.194,0.790917,0.2895
973500,0,-0.558653,-800.921,1.18987,0.314
974000,0,0.511842,-802.734,0.260088,0.314444
974500,0,0.341494,-797.554,0.117625,0.354
975000,0,0.261309,-799.168,0.262746,0.337
975500,0,0.729419,-800.872,0.0445386,0.32
976000,0,0.43777,-797.924,0.0205716,0.31575
976500,0,0.0845836,-800.777,0.638491,0.288
977000,0,-0.179981,-801.31,1.01655,0.317
977500,0,0.349208,-800.217,0.484528,0.322
978000,0,0.507826,-798.703,0.340232,0.317
978500,0,-0.515248,-801.129,1.34362,0.34
979000,0,0.648898,-801.091,0.219722,0.328
979500,0,0.77917,-798.52,0.0816112,0.294
980000,0,-0.409313,-797.687,0.826934,0.3005
980500,0,0.231409,-798.771,0.0708535,0.316
981000,0,0.758701,-798.821,0.146168,0.309733
981500,0,0.00212194,-799.255,0.599814,0.336
982000,0,0.0110756,-797.448,0.72619,0.302857
982500,0,-0.17975,-797.758,0.760198,0.318
983000,0,-0.0283367,-799.144,0.374513,0.335
983500,0,0.0710609,-799.205,0.0602138,0.322
984000,0,-0.202803,-798.555,0.336027,0.315
984500,0,-1.0685,-798.28,1.29659,0.278
985000,0,-0.325882,-798.624,0.276923,0.306833
985500,0,-0.536841,-800.951,0.378369,0.296
986000,0,-0.139045,-803.2,0.164341,0.289
986500,0,-0.0895834,-798.941,0.20128,0.296
987000,0,0.037534,-799.469,0.237827,0.286
987500,0,0.209821,-797.671,0.0600558,0.326
988000,0,-0.945108,-797.472,1.26553,0.299
988500,0,-0.591666,-797.633,0.906069,0.278
989000,0,0.0162193,-797.768,0.73722,0.305
989500,0,-0.192487,-798.109,1.04819,0.312
990000,0,0.468091,-798.773,0.195272,0.3035
990500,0,0.310222,-797.583,0.20375,0.316
991000,0,0.178229,-797.588,0.105249,0.314
991500,0,-0.487589,-798.579,0.565742,0.332
992000,0,-1.21551,-803.642,0.627604,0.304545
992500,0,-0.494208,-799.065,0.55435,0.256
993000,0,-0.492377,-800.138,0.392406,0.2855
993500,0,-0.257321,-799.112,0.149773,0.29
994000,0,0.0304663,-798.169,0.739758,0.29
994500,0,0.63396,-797.559,0.054701,0.292
995000,0,-0.0726963,-798.319,0.194986,0.292
995500,0,-0.0383892,-798.398,0.119763,0.29
996000,0,0.0270073,-798.565,0.0441905,0.301857
996500,0,-0.675046,-797.934,0.842757,0.322
997000,0,-0.241789,-798.892,0.169064,0.316
997500,0,-0.731357,-801.108,0.712449,0.308
998000,0,-0.423502,-798.003,0.542409,0.301
998500,0,0.131238,-798.356,0.0897236,0.314
999000,0,-0.694456,-798.02,0.990539,0.337
999500,0,0.543078,-799.783,0.0200892,0.32
