generation,N_shifts,logPrior,logLik,eventRate,acceptRate
0,0,4.92853,-267.474,1,0
500,0,5.26563,-267.516,0.652386,0.294
1000,0,5.43304,-267.059,0.544783,0.317
1500,0,4.43264,-267.147,1.45555,0.298
2000,0,5.42028,-265.78,0.429951,0.309845
2500,0,5.00314,-266.444,0.519972,0.344
3000,0,4.57558,-264.598,0.830183,0.328
3500,0,4.98888,-265.495,0.369038,0.308
4000,0,4.54146,-266.666,0.35561,0.309923
4500,0,4.63716,-266.59,0.55202,0.294
5000,0,4.44295,-265.277,0.163917,0.317
5500,0,4.01287,-266.105,0.37496,0.304
6000,0,3.89594,-266.67,0.690847,0.307
6500,0,3.41216,-267.017,0.318425,0.284
7000,0,3.73025,-265.645,1.21079,0.3255
7500,0,4.74546,-265.451,0.136004,0.3
8000,0,4.78518,-265.456,0.551981,0.307
8500,0,5.83813,-265.808,0.0221417,0.29
9000,0,5.44304,-265.868,0.157553,0.306
9500,0,5.26287,-265.209,0.239275,0.338
10000,0,3.87163,-265.655,0.443109,0.30175
10500,0,3.79283,-265.742,0.531365,0.314
11000,0,4.86055,-265.207,0.452072,0.311608
11500,0,4.97906,-265.222,0.336602,0.288
12000,0,2.92665,-264.92,2.10875,0.322
12500,0,3.6476,-266.026,0.195418,0.314
13000,0,4.96716,-265.337,0.0668778,0.32
13500,0,4.7252,-266.634,0.134661,0.294
14000,0,5.2607,-265.614,0.027685,0.308
14500,0,5.59316,-265.534,0.242067,0.34
15000,0,5.42476,-265.654,0.386955,0.33
15500,0,3.27812,-264.91,2.33504,0.31
16000,0,5.30163,-269.159,0.522696,0.321
16500,0,4.45209,-264.703,1.00339,0.322
17000,0,4.55445,-269.317,0.0119992,0.33
17500,0,4.04907,-265.651,0.0986656,0.294
18000,0,4.59336,-265.611,0.579706,0.307
18500,0,4.11009,-265.563,0.264862,0.354
19000,0,3.87028,-267.068,0.203686,0.319667
19500,0,3.20966,-267.012,0.493682,0.27
20000,0,4.12418,-264.936,0.939596,0.319
20500,0,5.05945,-265.887,0.133895,0.35
21000,0,3.88375,-265.334,0.785791,0.322417
21500,0,4.38295,-264.501,0.834215,0.328
22000,0,5.17591,-265.033,0.0735186,0.300333
22500,0,4.68153,-267.82,0.464192,0.324
23000,0,4.02907,-265.88,0.887216,0.302
23500,0,3.59437,-266.068,0.45534,0.338
24000,0,4.38356,-266.046,0.354245,0.331
24500,0,4.40598,-267.348,0.0519847,0.304
25000,0,4.48836,-265.301,0.0511298,0.292
25500,0,1.67581,-268.685,1.02807,0.266
26000,0,4.13091,-265.378,0.279623,0.2956
26500,0,1.01393,-266.076,3.44592,0.328
27000,0,4.46571,-265.58,0.237568,0.329714
27500,0,4.20859,-267.705,0.704414,0.272
28000,0,3.47849,-265.919,1.0128,0.301
28500,0,4.38632,-265.25,0.143755,0.298
29000,0,3.90344,-265.91,0.112785,0.31388
29500,0,3.64523,-265.923,0.360092,0.256
30000,0,5.44164,-265.193,0.274407,0.293
30500,0,5.59693,-265.718,0.112345,0.334
31000,0,3.54677,-265.239,1.04069,0.313
31500,0,4.92814,-266.057,0.292153,0.306
32000,0,5.44663,-265.482,0.332158,0.311
32500,0,5.04297,-268.764,0.529788,0.31
33000,0,5.58464,-267.021,0.179276,0.317
33500,0,4.6995,-266.776,0.901506,0.3
34000,0,4.03033,-266.493,0.161119,0.319333
34500,0,3.65635,-266.086,0.607551,0.26
35000,0,5.20685,-266.259,0.103552,0.3
35500,0,4.94459,-264.776,0.471396,0.268
36000,0,5.10144,-264.616,0.271609,0.296
36500,0,4.40363,-267.778,0.473091,0.3
37000,0,5.1414,-264.828,0.387584,0.30525
37500,0,5.14815,-267.633,0.412142,0.286
38000,0,2.7309,-265.966,1.63615,0.287
38500,0,4.83358,-268.278,0.0794791,0.408
39000,0,4.3119,-266.492,0.163947,0.342
39500,0,4.40949,-267.517,0.269442,0.278
40000,0,4.4492,-269.458,1.22646,0.306
40500,0,5.23692,-265.636,0.172084,0.228
41000,0,4.5041,-266.061,0.478718,0.2865
41500,0,4.70391,-265.768,0.0987703,0.314
42000,0,3.61016,-265.629,1.25275,0.331
42500,0,3.71944,-265.446,0.556635,0.262
43000,0,3.04548,-266.312,1.19559,0.292
43500,0,3.11519,-266.767,0.510959,0.304
44000,0,3.77558,-266.98,0.210364,0.288
44500,0,3.37581,-267.668,0.12183,0.296
45000,0,4.67148,-265.309,0.0891192,0.307667
45500,0,4.26461,-266.366,0.456437,0.326
46000,0,4.95258,-265.674,0.0345148,0.3
46500,0,4.38875,-266.125,0.544433,0.31
47000,0,4.4456,-264.955,0.303059,0.294
47500,0,4.67094,-264.699,0.504847,0.308
48000,0,5.62943,-265.471,0.123475,0.306
48500,0,4.50602,-266.48,1.20363,0.32
49000,0,4.97854,-267.213,0.0217254,0.3002
49500,0,5.41604,-265.789,0.0370612,0.286
50000,0,5.06632,-264.924,0.367317,0.3028
50500,0,4.17731,-264.479,1.05582,0.354
51000,0,4.31451,-266.426,0.628136,0.309
51500,0,5.3302,-264.831,0.0225507,0.312
52000,0,3.99331,-266.397,0.458236,0.318
52500,0,4.78279,-265.891,0.467589,0.334
53000,0,3.34822,-266.874,0.175617,0.337
53500,0,3.05555,-266.239,0.566274,0.288
54000,0,3.32685,-268.305,2.53533,0.3228
54500,0,5.82117,-267.723,0.0902284,0.31
55000,0,5.65181,-266.835,0.142056,0.305
55500,0,3.87703,-266.507,1.53603,0.326
56000,0,5.32268,-269.099,0.0383601,0.286
56500,0,4.17955,-266.708,0.0959155,0.304
57000,0,3.90972,-267.854,0.25662,0.27925
57500,0,4.24957,-265.21,0.482395,0.35
58000,0,2.85079,-265.614,1.13934,0.329
58500,0,3.53529,-266.099,0.47586,0.286
59000,0,4.15358,-269.718,0.495318,0.3185
59500,0,4.5563,-265.537,0.143763,0.284
60000,0,4.27858,-264.932,0.534929,0.291
60500,0,5.07104,-264.782,0.115244,0.322
61000,0,4.69086,-265.079,0.286869,0.321
61500,0,4.27108,-266.604,0.0682585,0.31
62000,0,4.55083,-265.388,0.887598,0.29575
62500,0,4.04421,-266.956,0.339926,0.338
63000,0,4.29326,-264.952,0.360414,0.309
63500,0,3.76476,-265.793,0.609273,0.308
64000,0,4.66746,-267.636,0.117826,0.304857
64500,0,4.07507,-265.5,1.69523,0.276
65000,0,5.67096,-266.804,0.098029,0.289
65500,0,5.07343,-266.67,0.48501,0.308
66000,0,5.2609,-264.858,0.406075,0.349
66500,0,4.66178,-265.302,0.961425,0.282
67000,0,5.71674,-266.665,0.142093,0.322
67500,0,4.90829,-265.773,0.809029,0.322
68000,0,5.12303,-265.339,0.531596,0.310323
68500,0,5.40336,-266.515,0.205116,0.29
69000,0,5.21553,-266.105,0.0926721,0.319
69500,0,3.42137,-265.786,1.29418,0.306
70000,0,5.0922,-266.012,0.43892,0.302
70500,0,4.73213,-264.608,0.509919,0.288
71000,0,5.29833,-265.492,0.178551,0.296
71500,0,5.13819,-264.73,0.428628,0.282
72000,0,4.99234,-269.653,0.226626,0.274
72500,0,5.52656,-265.241,0.128877,0.264
73000,0,5.18947,-265.042,0.216116,0.2864
73500,0,4.50934,-267.941,0.538297,0.326
74000,0,4.64115,-265.073,0.253872,0.322
74500,0,4.95454,-264.947,0.217709,0.228
75000,0,5.13047,-264.488,0.156298,0.274
75500,0,3.72506,-266.25,1.76653,0.328
76000,0,5.00759,-266.203,0.345482,0.300667
76500,0,4.34487,-265.15,1.18837,0.292
77000,0,5.14985,-264.877,0.14772,0.324
77500,0,5.62444,-265.942,0.0679443,0.348
78000,0,4.25647,-265.888,0.581773,0.308867
78500,0,3.88285,-265.169,1.05237,0.31
79000,0,3.85068,-265.427,0.268505,0.318
79500,0,3.61859,-265.745,0.666988,0.364
80000,0,4.18035,-266.41,0.123685,0.3292
80500,0,3.41134,-266.87,0.403044,0.302
81000,0,5.18924,-264.581,0.270048,0.318222
81500,0,4.8629,-265.621,0.337435,0.332
82000,0,5.32692,-264.501,0.107488,0.328
82500,0,4.61069,-264.91,0.849508,0.332
83000,0,4.26796,-264.591,0.715696,0.32725
83500,0,4.55048,-267.122,0.00254122,0.284
84000,0,4.3939,-267.062,0.641687,0.32275
84500,0,5.08282,-265.701,0.424645,0.316
85000,0,4.64455,-265.791,0.631732,0.312
85500,0,5.74182,-268.014,0.0230637,0.266
86000,0,3.92487,-266.166,0.672047,0.316222
86500,0,5.07012,-265.482,0.1565,0.288
87000,0,5.55769,-266.37,0.367918,0.2965
87500,0,5.69114,-265.97,0.15978,0.298
88000,0,4.47486,-266.626,1.09877,0.313
88500,0,4.90015,-265.019,0.769897,0.286
89000,1,10.7087,-263.933,0.283914,0.307833
89500,1,10.3555,-263.992,0.293207,0.452
90000,1,9.53672,-259.176,0.159645,0.35425
90500,1,6.9294,-256.975,0.907946,0.538
91000,1,8.24294,-257.615,1.34172,0.477
91500,1,8.11225,-257.634,0.660079,0.51
92000,1,8.25585,-262.473,0.896652,0.448
92500,1,7.05713,-261.193,0.996531,0.504
93000,1,0.894605,-260.872,3.70451,0.4675
93500,1,5.14756,-258.893,0.819466,0.41
94000,1,7.91323,-258.071,1.14407,0.429
94500,1,8.65222,-258.93,0.442824,0.464
95000,1,8.71591,-258.67,0.455954,0.464
95500,1,9.37527,-261.127,0.787916,0.488
96000,1,7.66557,-265.289,1.11426,0.465
96500,1,6.59274,-260.453,1.93989,0.448
97000,1,8.08384,-261.004,0.667261,0.443
97500,1,5.49637,-263.103,3.71035,0.506
98000,1,10.7661,-263.721,0.330762,0.488
98500,2,13.4175,-262.639,1.60765,0.576
99000,1,9.15323,-265.751,1.22808,0.513
99500,0,3.53443,-270.419,1.71626,0.438
100000,0,5.24428,-268.837,0.0753607,0.456375
100500,0,4.83441,-264.927,0.444595,0.298
101000,0,5.25166,-266.721,0.0417247,0.293
101500,0,5.60771,-265.876,0.108484,0.336
102000,0,5.35926,-265.708,0.462456,0.312
102500,0,4.80342,-265.045,0.778956,0.298
103000,0,4.50747,-267.195,0.728138,0.31925
103500,0,5.53346,-265.626,0.215278,0.342
104000,0,4.9227,-265.482,0.699396,0.39135
104500,0,4.77008,-265.916,0.0718355,0.314
105000,0,3.88794,-267.405,1.86612,0.366063
105500,0,5.05133,-265.712,0.534416,0.296
106000,0,4.84102,-267.069,0.218673,0.315
106500,0,5.02998,-266.163,0.559959,0.344
107000,0,3.37184,-266.238,0.20298,0.308
107500,0,2.98896,-266.395,0.528653,0.32
108000,0,3.90445,-265.668,0.901078,0.306
108500,0,4.48133,-264.863,0.200776,0.344
109000,0,4.21511,-267.817,0.699566,0.316
109500,0,5.01176,-267.065,0.037951,0.322
110000,0,4.51472,-265.768,0.412633,0.305
110500,0,4.48703,-267.718,0.194925,0.296
111000,0,5.30745,-265.364,0.00738629,0.302429
111500,0,5.08234,-266.036,0.066352,0.312
112000,0,4.82876,-267.613,0.72581,0.275
112500,0,3.63572,-265.128,1.51313,0.326
113000,0,4.6545,-265.596,0.591925,0.338
113500,0,4.82499,-265.071,0.412163,0.386
114000,1,6.52991,-260.09,0.726783,0.419333
114500,1,6.07038,-258.538,0.368685,0.426
115000,0,3.72836,-265.874,1.20902,0.309077
115500,0,3.63507,-265.598,0.432253,0.32
116000,0,4.22846,-265.638,0.20656,0.311714
116500,0,4.00086,-265.699,0.0587043,0.436
117000,0,3.67658,-266.901,0.143259,0.361
117500,0,4.22622,-267.441,0.545772,0.284
118000,1,6.47849,-261.401,1.87889,0.45525
118500,1,8.20672,-261.384,0.440754,0.402
119000,0,4.87962,-265.113,0.646028,0.30375
119500,0,5.33658,-265.533,0.412506,0.29
120000,0,5.36026,-265.28,0.100636,0.315
120500,0,5.00164,-265.341,0.557709,0.31
121000,0,4.27687,-265.091,0.773447,0.2985
121500,0,4.75843,-264.892,0.18773,0.308
122000,0,3.65534,-266.161,0.870425,0.3038
122500,0,2.8319,-267.521,1.63003,0.32
123000,0,4.06616,-265.129,0.525817,0.293
123500,0,3.42602,-265.594,0.9334,0.304
124000,1,5.16044,-257.811,1.95096,0.454333
124500,1,6.83642,-260.966,0.208036,0.464
125000,1,3.78382,-259.661,0.826,0.48
125500,1,8.2987,-258.812,0.52336,0.454
126000,1,9.04339,-257.851,1.09145,0.474
126500,1,8.75548,-263.964,0.58746,0.496
127000,0,4.56745,-264.534,0.885294,0.32725
127500,0,4.73683,-265.715,0.913787,0.328
128000,0,5.59851,-265.921,0.306089,0.326
128500,0,5.78628,-267.076,0.15879,0.344
129000,0,4.94284,-265.78,0.0205578,0.402333
129500,0,4.80017,-267.625,0.267163,0.3
130000,0,3.82946,-267.265,1.30953,0.284
130500,0,5.09307,-266.822,0.0651045,0.336
131000,0,4.54914,-264.991,0.513178,0.325
131500,0,5.24134,-266.065,0.119521,0.342
132000,0,3.7507,-266.43,1.67736,0.316917
132500,0,4.25848,-264.8,1.20465,0.34
133000,0,5.54154,-267.069,0.0324965,0.301
133500,0,5.20898,-265.738,0.22938,0.292
134000,0,5.67795,-268.187,0.0143722,0.323
134500,0,5.42612,-267.653,0.385312,0.274
135000,0,4.75166,-268.654,1.01586,0.275
135500,0,5.46315,-269.352,0.256388,0.334
136000,0,5.07443,-265.045,0.088772,0.316
136500,0,3.71426,-266.023,0.323964,0.314
137000,0,1.96356,-265.267,3.13594,0.327
137500,0,4.89397,-265.662,0.717337,0.304
138000,0,5.17729,-265.34,0.452342,0.299
138500,0,3.93266,-265.387,1.31841,0.318
139000,0,4.05568,-264.722,0.698832,0.31
139500,0,4.35473,-266.66,0.0317658,0.33
140000,0,4.69528,-265.246,0.021655,0.294
140500,0,4.09211,-267.109,0.3877,0.258
141000,0,5.12072,-264.872,0.415664,0.351
141500,0,4.43371,-265.385,1.09545,0.32
142000,1,7.68567,-267.68,1.20712,0.319524
142500,0,2.28024,-267.29,1.11827,0.336
143000,0,2.58035,-267.508,0.995383,0.305
143500,0,4.44483,-265.131,0.0817666,0.332
144000,0,5.42338,-265.632,0.331876,0.324375
144500,0,5.67519,-265.649,0.149407,0.334
145000,0,3.59538,-265.424,1.27211,0.328
145500,0,4.77654,-264.887,0.0795711,0.306
146000,0,5.2805,-264.617,0.114423,0.3326
146500,0,5.25677,-265.119,0.131223,0.308
147000,0,5.62334,-266.689,0.109414,0.307
147500,0,5.70073,-265.441,0.0777226,0.342
148000,0,4.77153,-266.361,0.694739,0.32
148500,0,5.73165,-265.403,0.01878,0.324
149000,0,4.99426,-265.464,0.429839,0.322833
149500,0,5.29252,-265.853,0.249201,0.312
150000,0,5.40617,-265.594,0.447576,0.331
150500,0,4.123,-265.526,1.02137,0.29
151000,0,4.5621,-265.654,1.13979,0.306
151500,0,5.58414,-264.941,0.105373,0.34
152000,0,4.9855,-266.821,0.804987,0.333
152500,0,3.80558,-266.077,1.95814,0.29
153000,0,5.87607,-267.501,0.0484632,0.326
153500,0,5.89194,-266.995,0.0114927,0.298
154000,0,4.48222,-266.113,1.25066,0.323222
154500,0,5.10848,-266.209,0.596319,0.328
155000,0,4.58342,-267.668,0.810439,0.309
155500,0,5.63144,-267.929,0.114422,0.408
156000,0,4.94378,-269.066,0.720498,0.373
156500,0,4.31747,-267.847,1.04053,0.322
157000,0,4.99652,-266.936,0.812469,0.329529
157500,0,4.94593,-265.324,0.615929,0.306
158000,1,7.17688,-260.337,2.30225,0.35
158500,1,6.98312,-258.582,0.769036,0.458
159000,0,4.82473,-265.867,0.655309,0.3175
159500,0,4.76999,-269.937,0.222118,0.304
160000,0,5.27936,-266.101,0.315799,0.313
160500,0,4.10915,-266.226,0.132625,0.342
161000,1,7.81293,-259.865,2.19842,0.456667
161500,1,9.22808,-260.18,0.922117,0.49
162000,1,9.37921,-262.547,0.593987,0.467
162500,1,8.21716,-262.919,1.28904,0.46
163000,1,8.92559,-260.964,1.25988,0.479
163500,1,8.75753,-260.577,1.98813,0.51
164000,1,8.00925,-260.484,2.14127,0.507
164500,1,7.28068,-262.897,1.16736,0.492
165000,0,5.30327,-265.135,0.21253,0.47
165500,0,4.33415,-265.32,1.15476,0.29
166000,0,4.75169,-267.369,0.543881,0.317357
166500,0,5.32368,-266.922,0.062642,0.294
167000,0,4.42741,-265.716,0.631027,0.322071
167500,0,5.1671,-265.154,0.366086,0.312
168000,0,5.22484,-266.926,0.128936,0.322
168500,0,4.98154,-265.615,0.425043,0.38
169000,0,5.50235,-268.002,0.0245424,0.335
169500,0,3.66578,-264.833,0.972004,0.338
170000,0,2.86969,-268.371,0.118419,0.317
170500,0,2.515,-268.679,0.249455,0.244
171000,0,4.90487,-265.094,0.0245136,0.272
171500,0,4.35907,-265.739,0.0762288,0.342
172000,0,4.23636,-265.331,0.601656,0.313143
172500,0,5.04638,-264.902,0.127957,0.314
173000,0,4.44695,-266.769,0.982204,0.302
173500,0,5.23691,-266.674,0.35089,0.362
174000,0,5.66523,-269.108,0.14249,0.327375
174500,0,4.07085,-268.498,0.867985,0.308
175000,0,5.31177,-266.167,0.569082,0.309
175500,0,5.07676,-275.067,0.667227,0.332
176000,0,5.6708,-265.921,0.121712,0.337
176500,0,5.8953,-266.46,0.0177122,0.35
177000,0,5.64331,-267.064,0.149165,0.333
177500,0,5.02356,-264.946,0.0943097,0.292
178000,0,4.71048,-264.644,0.253641,0.29
178500,0,4.42852,-266.454,0.425621,0.32
179000,0,5.3533,-265.443,0.045487,0.332875
179500,0,4.7076,-265.74,0.128286,0.3
180000,0,5.20219,-267.615,0.159369,0.311
180500,0,5.43632,-265.833,0.0995509,0.304
181000,0,5.20316,-265.365,0.111408,0.315
181500,0,4.7025,-264.688,0.0972587,0.374
182000,0,3.31457,-264.905,1.4891,0.339
182500,0,4.58862,-266.574,0.208551,0.27
183000,0,4.53105,-265.03,0.692579,0.317174
183500,0,5.11082,-266.183,0.00297537,0.3
184000,0,4.35636,-265.148,0.360924,0.292
184500,0,4.21823,-268.32,0.384471,0.32
185000,0,5.35052,-265.811,0.224148,0.320667
185500,0,5.12706,-265.863,0.346088,0.324
186000,0,4.67499,-264.673,0.215105,0.323333
186500,0,4.67381,-264.964,0.207792,0.286
187000,0,4.81166,-265.246,0.016466,0.287
187500,0,4.85429,-264.976,0.0317031,0.344
188000,0,4.5046,-264.918,0.302189,0.329
188500,0,3.8307,-265.899,0.277187,0.338
189000,0,3.60647,-265.127,0.847679,0.326
189500,0,3.58208,-266.062,0.579683,0.304
190000,0,4.37089,-267.851,0.0465625,0.315
190500,0,3.80455,-265.082,1.31835,0.336
191000,0,5.42006,-264.92,0.0270149,0.33
191500,0,4.32171,-264.723,0.62013,0.324
192000,0,1.86997,-274.382,0.295716,0.345
192500,0,2.66645,-268.15,0.0762199,0.326
193000,0,3.87506,-265.778,0.129371,0.314111
193500,0,3.93619,-267.263,0.206958,0.312
194000,0,4.04008,-265.159,0.290313,0.319333
194500,0,3.09083,-266.223,0.81728,0.318
195000,0,3.06918,-267.057,0.18852,0.323
195500,0,3.18932,-266.932,0.0334473,0.31
196000,0,5.14901,-268.071,0.240706,0.312333
196500,0,5.37295,-265.86,0.393509,0.3
197000,0,4.03339,-266.464,0.0984313,0.2985
197500,0,4.90685,-266.786,0.00589413,0.292
198000,0,4.58652,-264.919,0.0204612,0.309
198500,1,7.53068,-270.709,1.43742,0.262
199000,0,3.3156,-269.165,0.852807,0.3
199500,0,4.24243,-267.489,1.02383,0.298
200000,0,4.80882,-266.53,0.00328837,0.30675
200500,0,4.41261,-268.045,0.359868,0.322
201000,0,4.41244,-265.525,0.257581,0.325
201500,0,4.58385,-264.913,0.439419,0.32
202000,0,3.41955,-265.938,0.891059,0.322
202500,0,4.52018,-267.934,0.945126,0.336
203000,0,5.01252,-266.143,0.35164,0.359
203500,0,5.05975,-267.134,0.084552,0.296
204000,0,4.81319,-268.967,0.392905,0.301
204500,0,5.14942,-265.229,0.34541,0.306
205000,0,4.94574,-267.299,0.296198,0.313346
205500,0,5.03813,-266.545,0.34859,0.368
206000,0,4.11789,-265.153,0.891168,0.328571
206500,0,4.7664,-265.814,0.117664,0.346
207000,0,4.1901,-264.951,0.345655,0.324
207500,0,5.27322,-265.045,0.0245989,0.292
208000,0,4.81677,-265.429,0.90266,0.332909
208500,0,4.97099,-265.307,0.807098,0.33
209000,0,5.16125,-265.752,0.595061,0.329
209500,0,4.98349,-265.085,0.0611296,0.326
210000,0,5.37125,-268.048,0.00409647,0.348
210500,0,5.01444,-266.159,0.202776,0.314
211000,1,8.86586,-265.514,1.11473,0.333
211500,0,4.63057,-264.994,0.740967,0.388
212000,0,4.88398,-264.547,0.303096,0.337
212500,0,5.26612,-265.776,0.100333,0.344
213000,0,4.40263,-266.116,1.12903,0.3235
213500,0,4.77076,-264.948,0.53396,0.342
214000,0,2.90603,-269.738,1.54476,0.3304
214500,0,3.28638,-269.114,0.203386,0.298
215000,0,3.89146,-267.224,0.288924,0.294
215500,0,4.24381,-264.985,0.596862,0.272
216000,0,3.36018,-265.834,0.621511,0.312
216500,0,2.69429,-267.232,1.15911,0.328
217000,0,3.41049,-266.505,1.35508,0.3
217500,0,4.75097,-264.868,0.0548351,0.278
218000,0,4.37842,-264.905,0.483328,0.310714
218500,0,3.56272,-266.965,0.32727,0.344
219000,0,3.86276,-266.482,0.227258,0.33
219500,0,2.96741,-266.317,1.54864,0.252
220000,0,3.74643,-265.765,0.487819,0.309714
220500,0,4.08117,-266.201,0.0590962,0.29
221000,0,5.29261,-265.48,0.0630095,0.29
221500,0,4.85284,-265.018,0.505372,0.33
222000,0,3.54016,-266.447,1.10576,0.315
222500,1,7.86054,-265.954,1.12925,0.37
223000,0,4.35084,-264.973,0.371705,0.441
223500,0,4.56831,-264.887,0.453323,0.298
224000,0,4.18884,-266.057,0.443549,0.305
224500,0,4.73147,-265.346,0.0230231,0.32
225000,0,5.58823,-268.008,0.0163201,0.311
225500,0,4.49112,-266.225,0.349336,0.274
226000,0,4.75523,-264.863,0.435799,0.316714
226500,0,4.60033,-267.673,0.157924,0.33
227000,0,5.45479,-268.041,0.0948685,0.3164
227500,0,5.47998,-265.276,0.170539,0.29
228000,0,3.53243,-265.942,0.989862,0.308
228500,0,4.48942,-264.69,0.453906,0.346
229000,0,5.16414,-270.205,0.411581,0.32325
229500,0,4.50662,-267.761,0.361388,0.334
230000,0,5.65749,-265.538,0.19524,0.341
230500,0,3.63664,-269.027,2.25848,0.332
231000,0,5.0336,-265.033,0.276702,0.318667
231500,0,4.53399,-264.548,0.883311,0.304
232000,0,5.33207,-264.589,0.114135,0.317
232500,0,4.94688,-264.734,0.458571,0.338
233000,0,4.05084,-267.669,0.21725,0.304667
233500,0,4.06224,-265.306,0.358733,0.3
234000,0,3.79147,-265.815,0.370873,0.3245
234500,0,4.04951,-265.679,0.223839,0.3
235000,0,5.86934,-266.543,0.00293879,0.315
235500,0,5.36002,-265.083,0.0811093,0.302
236000,0,4.48174,-265.304,0.286677,0.314471
236500,0,4.90491,-264.609,0.367743,0.338
237000,0,5.46864,-264.673,0.0651702,0.317
237500,0,5.41685,-265.33,0.0343702,0.37
238000,0,4.27022,-264.947,0.32606,0.34
238500,0,4.0811,-266.486,0.176788,0.252
239000,0,4.79408,-268.481,0.0288047,0.246
239500,0,5.21409,-264.475,0.109758,0.304
240000,0,5.22747,-264.944,0.029164,0.303
240500,0,5.05427,-265.464,0.109901,0.29
241000,0,5.71421,-265.315,0.0350887,0.309
241500,0,4.83915,-267.303,0.865802,0.342
242000,0,4.85336,-267.584,0.828106,0.309778
242500,0,4.91176,-267.666,0.157463,0.33
243000,0,4.6407,-265.34,0.158324,0.311
243500,0,5.18958,-264.93,0.115214,0.296
244000,0,5.49506,-266.298,0.14124,0.32
244500,0,5.70681,-266.853,0.14882,0.278
245000,0,5.37698,-266.189,0.181786,0.3025
245500,0,5.16528,-265.621,0.547568,0.268
246000,0,4.87593,-265.775,0.298935,0.285
246500,0,4.34302,-265.717,0.858766,0.32
247000,0,5.61767,-267.869,0.111169,0.298333
247500,0,5.46803,-266.151,0.420398,0.296
248000,0,5.35711,-266.387,0.309163,0.306
248500,0,5.09805,-265.668,0.400462,0.306
249000,0,4.92154,-268.226,0.755101,0.310333
249500,0,5.06668,-264.546,0.192293,0.35
250000,0,3.48333,-266.705,2.03885,0.3012
250500,0,4.5668,-265.187,0.0751144,0.336
251000,0,4.95109,-265.616,0.506181,0.32
251500,0,4.53722,-265.318,0.118259,0.312
252000,1,9.68185,-265.423,0.976179,0.311059
252500,0,4.7222,-264.514,0.584674,0.336
253000,0,3.87494,-266.207,0.436479,0.3135
253500,0,4.98949,-264.763,0.229271,0.384
254000,0,5.13401,-266.76,0.325356,0.36
254500,0,4.92095,-267.607,0.013134,0.274
255000,0,5.3347,-264.595,0.0742652,0.31725
255500,0,5.04174,-267.295,0.300042,0.372
256000,0,4.90772,-264.609,0.374866,0.3105
256500,0,2.41061,-266.711,0.980561,0.278
257000,0,5.00601,-265.638,0.328913,0.320333
257500,0,4.60666,-265.988,0.508425,0.306
258000,0,2.88883,-266.081,1.39113,0.29325
258500,0,3.87387,-265.425,0.418553,0.302
259000,0,4.08341,-265.56,0.311672,0.2975
259500,0,3.41352,-266.99,0.347925,0.274
260000,0,3.118,-265.285,1.29272,0.302
260500,0,3.96404,-265.535,0.454954,0.314
261000,0,3.94719,-265.652,0.43235,0.312
261500,0,4.59503,-265.639,0.189279,0.282
262000,0,3.30018,-267.945,1.21816,0.305571
262500,0,4.44976,-268.271,0.0869795,0.31
263000,0,4.64312,-269.385,0.0562347,0.3006
263500,0,4.1323,-267.667,0.931804,0.27
264000,0,4.9619,-265.433,0.494053,0.292
264500,0,5.49441,-265.291,0.175587,0.338
265000,0,3.96441,-267.679,0.250072,0.305889
265500,0,4.60962,-266.624,0.0216734,0.292
266000,0,4.09763,-265.847,0.102078,0.3365
266500,0,2.74233,-266.901,0.707127,0.314
267000,0,4.09845,-265.263,0.635094,0.321
267500,0,2.98032,-267.704,0.657439,0.306
268000,0,4.34155,-266.249,0.418245,0.298
268500,0,4.40782,-265.761,0.266029,0.312
269000,0,4.39528,-265.252,1.29149,0.314
269500,0,5.3357,-265.522,0.467456,0.33
270000,0,4.74123,-265.745,0.0766603,0.31225
270500,0,5.17078,-264.605,0.34972,0.314
271000,0,4.11696,-264.768,1.00635,0.314
271500,0,4.73058,-264.938,0.222921,0.306
272000,0,5.17055,-265.273,0.18076,0.325
272500,0,4.78284,-265.21,0.527336,0.316
273000,0,4.9861,-268.851,0.511282,0.313083
273500,0,4.83842,-265.978,1.09499,0.358
274000,0,5.01658,-265.637,0.407409,0.322
274500,0,5.10948,-271.405,0.286388,0.362
275000,0,5.16718,-268.661,0.467623,0.328
275500,0,5.25527,-268.658,0.349416,0.344
276000,0,5.09741,-265.127,0.279827,0.317545
276500,0,4.52689,-265.611,0.648843,0.338
277000,0,4.78767,-264.747,0.418276,0.328
277500,0,5.06058,-264.626,0.106309,0.314
278000,0,5.36276,-272.782,0.429661,0.33325
278500,0,5.26124,-265.786,0.414238,0.3
279000,0,5.75371,-265.624,0.0818088,0.32875
279500,0,5.95744,-268.14,0.00379725,0.328
280000,0,5.61289,-265.529,0.0724987,0.297667
280500,0,4.83387,-265.673,0.902202,0.346
281000,0,5.37592,-266.358,0.413544,0.336
281500,0,5.24955,-269.456,0.587973,0.334
282000,0,4.29782,-265.041,0.384458,0.321333
282500,0,4.7748,-265.882,0.333611,0.266
283000,0,3.74901,-264.882,1.58086,0.299
283500,0,5.07653,-266.061,0.289069,0.322
284000,0,5.47918,-267.465,0.214455,0.326
284500,0,4.326,-266.999,1.22147,0.294
285000,0,4.52539,-265.415,0.864307,0.301
285500,0,3.66572,-265.455,0.932559,0.354
286000,0,4.0187,-265.258,0.305548,0.315
286500,0,3.3063,-265.515,1.15033,0.344
287000,0,4.27546,-266.666,0.208357,0.341
287500,0,4.57431,-265.815,0.241972,0.326
288000,0,4.18758,-265.163,0.385825,0.314222
288500,0,4.09696,-268.101,0.258312,0.316
289000,0,2.06447,-265.711,1.87908,0.316
289500,0,3.66063,-267.423,0.300539,0.29
290000,0,3.57565,-265.931,0.488404,0.317
290500,0,3.43053,-267.096,0.0204217,0.3
291000,0,3.38452,-266.149,0.360352,0.316
291500,0,2.88622,-265.895,0.950114,0.316
292000,0,4.51798,-266.194,0.239661,0.328333
292500,0,4.74077,-264.68,0.102392,0.28
293000,0,4.41156,-264.913,0.198256,0.31
293500,0,4.4814,-265.715,0.273298,0.314
294000,0,4.97292,-267.152,0.0879432,0.321444
294500,0,4.33949,-266.573,0.345267,0.326
295000,0,3.98579,-266.357,0.555798,0.31025
295500,0,1.33851,-266.291,2.35786,0.32
296000,0,4.11956,-265.987,0.625836,0.309333
296500,0,4.17154,-264.878,0.674357,0.31
297000,0,5.05446,-264.797,0.196181,0.318
297500,0,4.54582,-267.79,0.024058,0.276
298000,0,4.90295,-265.02,0.408673,0.3095
298500,0,4.47722,-267.779,0.254164,0.294
299000,0,4.11259,-266.329,0.484132,0.3115
299500,0,4.29254,-264.952,0.311781,0.304
300000,0,4.9286,-266.555,0.50122,0.288
300500,0,4.46713,-266.289,0.68591,0.278
301000,0,4.84789,-264.911,0.080044,0.295
301500,0,3.79799,-264.794,1.26035,0.308
302000,0,4.93189,-266.165,0.423435,0.315542
302500,0,4.88678,-266.936,0.278081,0.34
303000,0,4.85596,-265.086,0.135409,0.309556
303500,0,4.22301,-265.454,0.0326948,0.32
304000,0,5.36444,-265.018,0.0151633,0.303
304500,0,4.26088,-265.371,0.94115,0.312
305000,0,3.61362,-265.302,1.62571,0.305
305500,0,4.77523,-264.646,0.651572,0.312
306000,0,5.27074,-267.157,0.456949,0.292143
306500,0,4.66325,-267.702,0.707919,0.308
307000,0,4.34171,-266.093,0.717697,0.334
307500,0,4.90905,-264.666,0.0646161,0.268
308000,0,3.9632,-265.631,1.12273,0.3148
308500,0,4.42039,-264.562,0.735062,0.298
309000,0,5.09646,-267.475,0.076694,0.302
309500,0,3.7306,-264.81,1.66971,0.33
310000,0,4.73588,-266.16,0.473257,0.327
310500,0,3.74244,-265.199,1.55123,0.328
311000,0,5.20069,-265.619,0.373266,0.328
311500,0,5.32659,-264.924,0.35483,0.33
312000,0,5.25845,-264.774,0.178312,0.3132
312500,0,5.12092,-267.904,0.160492,0.264
313000,0,5.2321,-265.498,0.085742,0.32
313500,0,4.80742,-264.62,0.218033,0.284
314000,0,4.84442,-264.714,0.245557,0.3065
314500,1,8.14152,-264.331,0.821574,0.314
315000,0,3.54632,-265.743,1.53292,0.304
315500,0,5.08687,-264.726,0.0318653,0.358
316000,0,5.23206,-265.294,0.314241,0.324455
316500,0,5.38594,-266.512,0.153722,0.296
317000,0,4.46818,-265.986,0.274042,0.3078
317500,0,4.37114,-267.567,0.221278,0.332
318000,1,7.94938,-266.143,1.93041,0.3162
318500,0,4.27854,-264.7,0.904022,0.412
319000,0,3.97524,-265.785,0.258892,0.33275
319500,0,1.36677,-268.382,1.08618,0.276
320000,0,2.78768,-267.414,0.176352,0.286
320500,0,0.0240436,-269.029,2.51129,0.296
321000,0,2.15297,-268.31,0.317576,0.292
321500,0,3.79325,-267.454,0.400102,0.31
322000,0,3.55861,-265.501,0.985106,0.317
322500,0,4.32904,-266.185,0.147085,0.304
323000,0,3.91183,-264.565,1.39008,0.3204
323500,0,4.39,-265.019,0.768212,0.34
324000,0,4.64302,-267.481,1.15748,0.316125
324500,0,5.27434,-267.808,0.535127,0.318
325000,0,4.60359,-264.739,0.213513,0.304667
325500,0,3.76555,-265.059,1.14351,0.31
326000,0,3.90731,-266.011,0.231181,0.323
326500,0,4.84257,-265.276,0.117279,0.328
327000,0,4.53274,-266.107,1.01344,0.3228
327500,0,3.19063,-267.138,1.84935,0.326
328000,0,4.78544,-267.187,0.177772,0.3314
328500,0,5.17241,-268.055,0.338854,0.296
329000,0,3.9286,-264.664,1.32962,0.3245
329500,0,5.28204,-267.926,0.10903,0.284
330000,0,5.36162,-266.201,0.222683,0.283
330500,0,5.21694,-266.11,0.653565,0.334
331000,0,2.44633,-266.394,1.88168,0.3068
331500,0,4.50207,-266.537,0.256155,0.282
332000,0,5.02783,-264.759,0.447198,0.310125
332500,0,4.51528,-265.373,0.0193946,0.32
333000,0,4.68046,-265.275,0.603248,0.297
333500,0,4.63295,-270.376,0.204607,0.356
334000,0,3.91659,-264.889,0.640691,0.364
334500,0,4.74163,-267.195,0.52976,0.314
335000,0,5.01587,-266.267,0.30772,0.308
335500,0,5.08218,-265.94,0.157875,0.332
336000,1,10.0005,-267.223,0.554826,0.3415
336500,0,4.23915,-265.485,1.24089,0.372
337000,0,5.06821,-265.666,0.31071,0.354
337500,0,5.15268,-265.27,0.057908,0.36
338000,0,3.87336,-264.853,1.26941,0.344
338500,0,4.27278,-266.936,0.646854,0.302
339000,0,4.45157,-265.499,0.0674182,0.307
339500,0,4.88983,-267.646,0.287531,0.322
340000,0,5.22038,-266.764,0.108003,0.312
340500,0,5.13268,-265.154,0.255274,0.328
341000,0,4.66225,-264.698,0.51868,0.338
341500,0,5.47762,-265.168,0.0583777,0.31
342000,0,4.49551,-264.729,0.506821,0.307333
342500,0,5.15994,-268.992,0.0139977,0.332
343000,0,4.9548,-265.405,0.525062,0.3185
343500,0,5.03141,-267.118,0.0874016,0.304
344000,0,5.05473,-264.678,0.100802,0.297
344500,0,4.59685,-264.952,0.299987,0.314
345000,0,3.82449,-265.57,0.459434,0.315
345500,0,4.30432,-264.907,0.319174,0.32
346000,0,4.41389,-265.935,0.315986,0.326
346500,0,4.47502,-265.159,0.348125,0.342
347000,0,4.88071,-264.639,0.0591848,0.323
347500,0,4.26853,-265.896,0.838471,0.256
348000,0,5.56505,-265.624,0.0314531,0.31605
348500,0,3.81689,-266.616,1.48756,0.326
349000,0,4.95766,-266.171,0.275292,0.327
349500,0,5.21719,-265.126,0.222816,0.334
350000,0,5.01057,-266.914,0.358392,0.3222
350500,0,4.99759,-265.885,0.431623,0.304
351000,1,8.39092,-264.917,0.929522,0.316556
351500,0,3.10536,-268.321,1.15824,0.304
352000,0,4.50132,-266.561,0.034579,0.3015
352500,0,3.34709,-265.228,1.85722,0.352
353000,0,3.55761,-266.398,0.598704,0.32175
353500,1,7.6895,-265.758,2.77484,0.268
354000,0,4.20209,-267.38,0.489948,0.307
354500,0,4.35796,-265.141,1.11698,0.314
355000,1,6.73941,-264.403,1.11567,0.31375
355500,0,3.64442,-265.465,1.3328,0.376
356000,0,5.67873,-265.289,0.038115,0.3345
356500,0,5.45562,-266.178,0.468827,0.332
357000,0,5.80268,-269.474,0.0703157,0.325
357500,1,7.51322,-267.348,0.519414,0.354
358000,0,4.44004,-264.948,0.148788,0.39
358500,0,5.17576,-266.107,0.0587823,0.318
359000,0,4.68258,-267.087,0.196487,0.314
359500,0,3.35049,-264.563,1.6442,0.342
360000,0,4.96159,-264.647,0.0112205,0.333
360500,0,3.06759,-265.267,1.77953,0.31
361000,0,4.32859,-266.427,0.0717199,0.329778
361500,0,3.57819,-265.419,1.95809,0.288
362000,0,4.80493,-265.699,0.724895,0.326429
362500,0,3.67869,-265.479,1.04768,0.316
363000,0,5.02325,-264.845,0.165669,0.301
363500,0,4.33613,-265.012,0.104417,0.346
364000,0,5.71254,-266.2,0.142669,0.321294
364500,0,5.84736,-266.4,0.0173463,0.39
365000,0,3.99755,-265.482,0.391447,0.331
365500,0,4.5266,-265.336,0.0276555,0.312
366000,0,4.38096,-265.521,0.217313,0.315
366500,0,3.51352,-267.165,0.264778,0.26
367000,0,3.73893,-265.457,0.361729,0.277
367500,0,4.34525,-267.453,0.352107,0.34
368000,0,4.53613,-267.491,0.142647,0.306714
368500,0,4.79059,-264.767,0.38155,0.274
369000,0,5.09417,-265.22,0.422663,0.288
369500,0,5.23211,-265.018,0.304602,0.316
370000,0,4.49502,-265.906,0.83513,0.307
370500,0,3.88232,-265.863,0.115856,0.318
371000,0,3.53194,-265.965,0.391583,0.31
371500,0,4.49618,-264.978,0.237577,0.354
372000,0,3.33529,-265.836,1.28022,0.328
372500,0,3.96579,-265.316,0.228818,0.318
373000,0,2.81045,-266.166,0.905095,0.304833
373500,0,3.23331,-266.449,0.438596,0.294
374000,0,4.56881,-265.405,0.764099,0.307417
374500,0,4.7525,-266.428,0.588526,0.278
375000,0,4.57551,-265.577,0.832255,0.315667
375500,0,4.99283,-266.946,0.319252,0.296
376000,0,4.50891,-267.376,0.620983,0.307417
376500,0,4.40446,-266.431,0.659234,0.304
377000,0,5.24563,-264.65,0.259434,0.306
377500,0,5.20956,-265.415,0.0750686,0.294
378000,0,5.05066,-265.498,0.162689,0.292
378500,0,4.76735,-270.275,0.253005,0.31
379000,0,4.29384,-266.792,1.07576,0.313
379500,0,4.80947,-266.906,0.005222,0.314
380000,0,4.68405,-266.514,1.11024,0.324
380500,0,5.6595,-266.7,0.080934,0.326
381000,1,7.39615,-266.286,0.400898,0.305429
381500,0,3.43542,-266.185,1.04733,0.378
382000,0,5.22994,-265.248,0.186317,0.32
382500,0,3.30138,-266.139,1.2322,0.304
383000,0,3.71717,-265.818,0.123564,0.301
383500,0,4.17066,-266.256,0.161947,0.326
384000,0,4.01466,-265.776,0.730367,0.320333
384500,0,3.50989,-265.674,1.05732,0.32
385000,0,4.92216,-264.845,0.170834,0.311417
385500,0,5.59768,-264.988,0.0887482,0.32
386000,0,5.48524,-265.225,0.180209,0.33
386500,0,5.31625,-266.107,0.22681,0.278
387000,0,4.96952,-265.324,0.638476,0.328667
387500,0,4.70505,-266.76,0.129107,0.292
388000,0,4.55477,-264.74,0.402775,0.3198
388500,0,4.89081,-264.876,0.0638116,0.346
389000,0,4.39884,-264.941,0.14969,0.325
389500,0,2.36378,-265.736,2.11164,0.33
390000,0,3.69497,-268.79,1.2442,0.322
390500,1,8.08649,-266.455,1.7517,0.46
391000,0,4.34255,-267.859,0.385537,0.431
391500,0,4.71827,-265.476,0.00939588,0.316
392000,0,4.98455,-264.896,0.0750956,0.311471
392500,0,4.2779,-265.246,0.667443,0.294
393000,0,4.33107,-266.498,0.526052,0.314
393500,0,4.93108,-264.722,0.211993,0.292
394000,0,3.49198,-266.211,0.165705,0.307333
394500,0,3.12469,-267.352,0.192069,0.28
395000,0,3.0016,-266.885,0.508465,0.291
395500,0,4.04181,-265.594,0.266207,0.284
396000,0,4.45575,-267.854,0.587458,0.308
396500,0,5.26187,-266.617,0.0992476,0.316
397000,0,5.13756,-265.383,0.635941,0.3046
397500,0,5.63207,-266.647,0.0033044,0.314
398000,0,5.02619,-266.579,0.423291,0.303
398500,0,5.31035,-265.343,0.450825,0.334
399000,0,4.3529,-265.095,0.771188,0.3295
399500,0,4.9965,-266.047,0.190384,0.262
400000,0,4.60349,-265.443,0.355556,0.282
400500,0,5.0504,-265.393,0.386102,0.338
401000,0,5.09193,-265.531,0.432083,0.321
401500,0,5.16045,-265.254,0.288853,0.29
402000,0,4.7629,-266.764,0.678765,0.302
402500,0,4.85186,-266.823,0.229258,0.364
403000,0,4.00989,-266.647,0.38454,0.315
403500,0,3.81459,-266.569,0.71407,0.29
404000,0,4.69787,-265.962,0.164504,0.293
404500,0,4.4218,-265.176,0.657895,0.286
405000,0,5.3407,-264.633,0.119683,0.316368
405500,1,9.71341,-262.954,0.560168,0.412
406000,1,9.743,-261.135,0.605209,0.443
406500,1,10.4465,-263.846,0.369828,0.484
407000,1,11.8464,-264.927,0.107975,0.501
407500,1,10.7409,-265.155,0.888656,0.502
408000,1,10.3491,-265.431,1.41792,0.362583
408500,1,10.0481,-272.31,0.528154,0.466
409000,1,9.15533,-263.894,1.95788,0.469
409500,1,8.96552,-263.741,1.82184,0.446
410000,1,7.79053,-265.918,1.42766,0.493
410500,1,10.8183,-262.117,0.197682,0.512
411000,0,5.03954,-264.599,0.298645,0.43175
411500,0,3.19617,-266.531,1.5563,0.32
412000,0,4.56462,-265.278,0.0913241,0.322
412500,0,3.78641,-267.108,0.143253,0.3
413000,0,3.62373,-265.097,0.806116,0.31
413500,0,4.30996,-264.966,0.482064,0.31
414000,1,9.05793,-264.755,0.975122,0.48725
414500,0,5.73859,-266.563,0.115366,0.3
415000,0,5.84036,-265.527,0.00771181,0.299
415500,0,5.88142,-268.025,0.0307244,0.338
416000,0,5.11659,-265.438,0.122552,0.282
416500,0,4.1271,-265.787,1.25958,0.248
417000,0,5.59164,-266.601,0.0634575,0.284
417500,0,3.80631,-265.098,1.8733,0.338
418000,0,4.92468,-267.385,0.532227,0.358071
418500,0,4.57409,-265.025,0.0135114,0.318
419000,0,4.81759,-265.859,0.154553,0.324
419500,0,4.47798,-264.886,0.21126,0.278
420000,0,3.5538,-265.843,0.968363,0.3
420500,0,3.34319,-266.717,0.461438,0.256
421000,0,4.53647,-266.796,0.54273,0.288
421500,0,4.9214,-266.456,0.152114,0.3
422000,0,5.74432,-265.98,0.12409,0.320143
422500,0,5.7437,-265.798,0.00608993,0.322
423000,0,3.87901,-264.589,1.31521,0.301
423500,0,4.99754,-265.11,0.0559668,0.324
424000,0,4.91929,-267.368,0.688076,0.302
424500,0,5.54997,-265.869,0.140005,0.33
425000,0,5.16399,-265.623,0.482185,0.328
425500,0,5.23623,-267.804,0.399949,0.35
426000,1,7.329,-261.074,0.399433,0.445143
426500,1,4.65127,-262.077,1.72222,0.428
427000,0,4.4612,-266.896,0.281283,0.339
427500,0,4.52965,-265.782,1.0862,0.32
428000,0,5.18263,-265.246,0.132333,0.314364
428500,0,4.59689,-266.496,0.341133,0.358
429000,0,4.54194,-266.478,0.0837923,0.307625
429500,0,5.10028,-265.001,0.0165921,0.352
430000,0,4.84432,-264.75,0.211536,0.335
430500,0,4.09647,-264.877,0.878837,0.338
431000,0,4.64257,-264.6,0.701021,0.326
431500,0,4.84152,-264.715,0.456532,0.34
432000,0,4.00316,-266.034,0.786643,0.3162
432500,0,4.47656,-264.996,0.624041,0.278
433000,0,4.77058,-266.476,0.262763,0.294
433500,0,4.93283,-265,0.219354,0.324
434000,0,4.20243,-265.597,0.85612,0.311
434500,0,4.62309,-265.796,0.470729,0.306
435000,1,7.30292,-257.399,0.757882,0.468222
435500,1,8.03512,-259.273,0.292084,0.486
436000,0,3.94401,-266.622,0.669926,0.314875
436500,0,4.33715,-265.642,0.580452,0.304
437000,1,4.58361,-258.078,2.76084,0.4545
437500,1,3.9389,-257.41,3.65845,0.452
438000,0,4.11996,-265.482,0.642799,0.30125
438500,0,3.92624,-265.792,0.807452,0.308
439000,1,7.30094,-260.525,1.00741,0.464
439500,1,7.42574,-260.086,0.78549,0.494
440000,1,6.79602,-265.482,0.128525,0.482
440500,1,7.61574,-258.742,0.549188,0.458
441000,0,4.96673,-265.143,0.437351,0.3117
441500,0,4.45695,-265.868,0.398037,0.292
442000,1,9.01433,-260.378,1.32245,0.46
442500,1,9.55091,-262.284,0.53585,0.45
443000,0,3.6902,-267.49,0.103764,0.3126
443500,0,3.74615,-265.068,0.627245,0.322
444000,0,4.04027,-265.558,0.315211,0.305
444500,0,4.69507,-264.65,0.418067,0.332
445000,0,4.13117,-266.811,0.655929,0.31
445500,0,4.55505,-267.144,0.420514,0.278
446000,0,4.99988,-267.932,0.352113,0.31
446500,0,5.20927,-267.345,0.65064,0.31
447000,0,4.10805,-265.445,0.578437,0.313455
447500,0,3.76763,-267.716,0.701598,0.232
448000,0,5.15387,-264.715,0.0658257,0.255
448500,0,5.33337,-265.778,0.173506,0.324
449000,0,4.90111,-265.358,0.701778,0.31
449500,0,4.21987,-267.351,1.49809,0.35
450000,0,5.00747,-265.155,0.238582,0.322
450500,0,4.29147,-265.212,0.885033,0.302
451000,0,4.96865,-265.333,0.33803,0.315
451500,0,4.96419,-265.037,0.164018,0.32
452000,0,4.11633,-267.569,0.320916,0.3145
452500,0,4.81058,-264.777,0.462994,0.322
453000,1,6.79134,-258.847,0.126925,0.461545
453500,1,6.39373,-261.639,0.416859,0.456
454000,0,5.49943,-265.711,0.216436,0.3035
454500,0,5.63489,-265.315,0.108167,0.34
455000,0,4.29576,-268.214,0.68961,0.309857
455500,0,5.07921,-267.131,0.148556,0.348
456000,0,4.48951,-266.747,1.02163,0.33
456500,0,4.90866,-266.019,0.749145,0.25
457000,1,8.0697,-258.488,0.227779,0.46625
457500,1,9.26369,-260.188,0.323442,0.494
458000,1,6.3946,-262.108,1.54278,0.491
458500,1,8.73279,-262.279,0.89742,0.422
459000,1,7.22411,-263.465,0.476011,0.431
459500,1,9.38849,-259.615,0.94367,0.486
460000,2,12.8897,-260.443,2.22336,0.483
460500,1,9.4309,-260.808,1.69187,0.5
461000,1,8.19869,-261.967,1.51093,0.502
461500,1,8.08429,-259.374,0.722044,0.464
462000,1,9.32711,-257.501,0.589743,0.472
462500,1,7.61935,-256.547,0.461111,0.528
463000,1,7.28215,-257.531,1.52186,0.502
463500,1,6.87649,-260.77,1.24107,0.474
464000,0,4.4014,-265.183,0.35114,0.30525
464500,0,4.30078,-267.005,0.0873269,0.416
465000,0,5.2503,-266.767,0.214442,0.355273
465500,0,4.4491,-265.679,0.557292,0.334
466000,0,4.93813,-266.55,0.0144285,0.352
466500,0,5.32604,-265.941,0.105531,0.302
467000,0,5.14006,-268.28,0.145433,0.273
467500,0,5.00665,-264.535,0.140483,0.304
468000,0,4.37794,-264.954,0.688176,0.295
468500,0,3.91864,-265.094,0.974986,0.3
469000,0,5.28847,-264.949,0.426045,0.306
469500,0,4.66593,-267.288,0.842638,0.364
470000,0,5.1551,-266.68,0.557382,0.322167
470500,0,3.7793,-266.832,0.992086,0.242
471000,0,3.92603,-265.011,0.631708,0.291
471500,0,3.66205,-265.463,0.697571,0.282
472000,0,3.85302,-265.385,0.500863,0.283
472500,0,4.30148,-264.496,1.00651,0.314
473000,0,5.02171,-266.422,0.012221,0.338
473500,0,4.23794,-265.258,0.618279,0.326
474000,0,4.65707,-264.761,0.151455,0.390818
474500,0,4.63817,-264.847,0.261073,0.314
475000,0,1.55953,-266.443,2.45807,0.324833
475500,0,3.8943,-266.501,0.107126,0.298
476000,0,4.57925,-265.748,0.225165,0.275
476500,0,3.42012,-266.285,0.903208,0.314
477000,0,3.92317,-265.874,0.356425,0.3
477500,0,4.14886,-265.624,0.287801,0.364
478000,0,3.50644,-265.625,0.742976,0.32625
478500,0,3.03211,-266.338,0.815519,0.33
479000,0,4.21436,-266.184,0.0439575,0.314
479500,0,4.77014,-264.769,0.0429339,0.312
480000,0,3.06677,-265.998,0.99264,0.31
480500,0,4.58926,-266.649,0.237242,0.276
481000,0,2.6389,-269.73,0.163653,0.309625
481500,0,4.03795,-264.916,0.579675,0.304
482000,0,4.58302,-264.895,0.348828,0.3148
482500,0,4.11231,-267.3,0.236927,0.328
483000,0,3.35599,-265.781,0.686278,0.329
483500,0,4.67703,-266.457,0.0557996,0.312
484000,0,5.15734,-265.372,0.148449,0.32825
484500,0,4.76621,-265.147,0.568696,0.346
485000,0,4.78299,-267.018,0.607787,0.344
485500,0,4.89037,-266.373,0.0683843,0.348
486000,0,5.2338,-266.361,0.102171,0.335
486500,0,4.92912,-266.795,0.493157,0.272
487000,0,5.70676,-265.28,0.0129816,0.297
487500,0,5.53312,-265.223,0.195321,0.342
488000,0,2.64297,-267.718,1.99015,0.369351
488500,0,4.18606,-264.552,0.728684,0.3
489000,0,3.76428,-266.585,0.820863,0.307
489500,0,4.92616,-264.957,0.00104035,0.326
490000,0,4.29447,-265.278,0.063518,0.313143
490500,0,4.77715,-264.581,0.265919,0.316
491000,0,4.64118,-265.366,0.351854,0.32
491500,0,4.16686,-266.885,0.709348,0.292
492000,0,4.63417,-265.578,0.37218,0.310333
492500,0,4.94672,-264.636,0.094255,0.278
493000,0,5.03761,-265.367,0.249254,0.3065
493500,0,4.28408,-264.656,0.622374,0.306
494000,0,5.22028,-265.572,0.192608,0.3205
494500,0,3.62282,-265.686,1.72278,0.354
495000,0,5.11069,-267.867,0.191513,0.349
495500,0,5.06592,-267.637,0.171761,0.344
496000,0,4.69993,-265.76,0.534443,0.3202
496500,0,3.68337,-265.791,1.5924,0.338
497000,0,4.99651,-266.614,0.258318,0.305
497500,0,5.16233,-266.634,0.410886,0.31
498000,0,5.15596,-265.426,0.51102,0.33
498500,0,5.52901,-266.262,0.228386,0.316
499000,0,5.22656,-264.953,0.0429198,0.29
499500,0,5.15337,-265.441,0.578253,0.344
500000,0,5.06359,-266.362,0.68384,0.325
500500,0,5.18294,-267.798,0.739282,0.296
501000,0,5.13753,-266.618,0.671134,0.33
501500,0,4.78805,-265.113,0.42822,0.318
502000,0,5.81074,-266.997,0.126736,0.315818
502500,0,4.92205,-266.915,1.02652,0.356
503000,0,4.6137,-267.078,0.802462,0.328
503500,0,4.66467,-265.749,0.77035,0.294
504000,0,5.00873,-264.715,0.399948,0.286
504500,0,4.34126,-267.351,0.54647,0.292
505000,0,4.26448,-264.784,0.975658,0.298
505500,0,4.89516,-265.281,0.118009,0.398
506000,0,5.18628,-265.235,0.0659023,0.354
506500,0,4.20143,-264.858,0.93791,0.34
507000,0,4.78493,-265.929,0.0745828,0.313
507500,0,5.39471,-266.962,0.141757,0.36
508000,0,3.5133,-265.847,2.26786,0.31075
508500,0,3.95361,-266.386,1.30868,0.338
509000,0,4.37966,-265.611,1.11202,0.323
509500,0,5.64817,-267.17,0.0945552,0.392
510000,0,4.57215,-264.856,0.839931,0.312154
510500,0,3.77043,-264.817,1.36696,0.278
511000,0,5.15397,-264.874,0.332773,0.308
511500,0,5.25395,-265.708,0.137097,0.302
512000,1,7.7842,-270.458,0.917814,0.319364
512500,0,3.90073,-265.395,1.71398,0.38
513000,0,4.71808,-266.271,0.0475392,0.301
513500,0,5.23824,-266.048,0.0102302,0.276
514000,0,4.60584,-265.23,0.00174627,0.298
514500,0,3.61656,-265.532,0.958528,0.29
515000,0,4.06703,-266.01,0.493531,0.288
515500,0,4.08462,-265.552,0.147324,0.3
516000,0,4.37128,-265.746,0.633423,0.315444
516500,0,5.19123,-264.779,0.104972,0.292
517000,0,4.20118,-265.637,0.271709,0.2925
517500,0,3.15219,-266.16,0.826633,0.304
518000,0,4.2361,-265.282,0.448835,0.304
518500,0,4.64065,-264.884,0.158546,0.3
519000,0,3.70197,-264.827,1.19896,0.3
519500,0,5.2747,-265.904,0.0924809,0.29
520000,0,3.7819,-265.329,1.78877,0.312818
520500,0,4.89231,-264.498,0.19649,0.322
521000,0,5.03202,-267.541,0.392896,0.325
521500,1,10.0215,-266.648,0.315253,0.344
522000,0,4.63849,-266.477,0.254552,0.333
522500,0,4.85114,-264.713,0.206934,0.332
523000,0,3.71381,-264.807,1.15103,0.307857
523500,0,4.14786,-264.993,0.701,0.268
524000,0,4.05234,-265.145,0.339941,0.287
524500,0,3.62809,-265.69,0.763528,0.296
525000,0,3.89234,-267.751,0.254508,0.295
525500,0,4.3367,-268.184,0.150445,0.314
526000,0,5.29069,-265.251,0.105546,0.312786
526500,0,4.79943,-265.379,0.537898,0.318
527000,0,3.87807,-266.655,0.26511,0.3146
527500,0,3.7635,-265.228,0.525172,0.296
528000,0,3.43927,-264.949,2.25818,0.3055
528500,0,5.15251,-266.537,0.381842,0.304
529000,0,5.24228,-264.601,0.229807,0.311
529500,0,4.43904,-267.232,0.944529,0.294
530000,0,3.53229,-265.695,0.875052,0.298
530500,0,4.2939,-267.188,0.357397,0.342
531000,0,3.9548,-269.549,0.561759,0.308
531500,0,2.62326,-266.552,1.43122,0.28
532000,0,3.99447,-265.716,0.238866,0.294
532500,0,4.97304,-266.026,0.0447525,0.302
533000,0,4.87196,-265.337,0.295108,0.291
533500,0,4.72578,-267.362,0.519754,0.332
534000,0,5.34236,-267.076,0.215663,0.354
534500,0,4.96684,-266.955,0.37555,0.322
535000,0,4.97818,-268.222,0.17079,0.3156
535500,0,4.44825,-265.639,0.155684,0.32
536000,0,4.88897,-266.033,0.515974,0.3325
536500,0,5.02838,-266.285,0.222647,0.33
537000,0,5.07199,-264.863,0.0741769,0.325
537500,0,4.71155,-270.622,0.237981,0.306
538000,0,5.44255,-265.816,0.433992,0.311
538500,0,4.82721,-267.09,0.465575,0.35
539000,0,5.29978,-265.504,0.564135,0.337
539500,0,5.47277,-271.923,0.204026,0.396
540000,0,5.5874,-265.53,0.238402,0.349
540500,0,5.44477,-264.806,0.1905,0.372
541000,0,4.587,-265.753,0.355456,0.321
541500,0,4.74771,-265.583,0.115241,0.342
542000,0,4.27737,-265.705,0.511152,0.317
542500,0,4.69218,-266.149,0.0636384,0.274
543000,0,5.33067,-266.189,0.113832,0.324333
543500,0,5.11377,-265.736,0.286352,0.308
544000,0,5.1885,-264.908,0.247921,0.321
544500,0,5.02902,-266.753,0.114153,0.328
545000,0,4.6132,-265.35,0.0611644,0.317944
545500,0,5.10793,-265.326,0.299058,0.314
546000,0,4.46668,-265.121,0.889269,0.327
546500,0,5.61115,-266.797,0.0479556,0.31
547000,0,5.43336,-264.987,0.150976,0.32
547500,0,5.54291,-265.132,0.0460524,0.28
548000,0,3.70594,-266.393,0.235671,0.308273
548500,0,2.65283,-269.822,0.384817,0.298
549000,0,4.36974,-265.764,0.556815,0.3035
549500,0,4.5889,-265.174,0.183502,0.318
550000,0,4.6011,-265.825,0.48955,0.302
550500,0,5.26121,-265.409,0.0217083,0.322
551000,0,4.5175,-265.434,0.277379,0.311
551500,0,4.70041,-264.753,0.248882,0.286
552000,0,3.35254,-265.603,1.03734,0.30275
552500,0,4.14584,-271.167,0.461859,0.316
553000,1,8.41549,-265.067,0.221865,0.315333
553500,1,8.44824,-264.399,0.950983,0.482
554000,0,3.3647,-267.041,0.630897,0.454
554500,0,4.3748,-265.899,0.260281,0.33
555000,0,4.63676,-265.387,0.0524055,0.302769
555500,0,5.37041,-264.759,0.0967163,0.344
556000,0,5.05708,-265.767,0.30581,0.338
556500,0,4.48066,-264.642,0.909347,0.34
557000,0,4.58798,-267.08,1.02109,0.331
557500,0,5.78849,-265.883,0.075607,0.336
558000,0,4.52398,-264.772,0.921402,0.319167
558500,0,5.37184,-266.137,0.026671,0.326
559000,0,5.23243,-265.67,0.242623,0.326
559500,0,3.68811,-266.636,1.97623,0.328
560000,0,5.59082,-265.28,0.0110537,0.34
560500,0,5.19173,-266.876,0.38709,0.302
561000,0,5.28175,-265.729,0.2617,0.316
561500,0,5.4275,-265.093,0.197812,0.298
562000,0,4.57156,-267.108,0.748976,0.301
562500,0,4.26042,-264.657,0.956445,0.29
563000,0,4.10633,-265.412,0.675283,0.313
563500,0,4.45655,-265.119,0.208786,0.26
564000,0,4.55436,-266.441,0.043855,0.275
564500,0,4.20795,-264.943,0.395438,0.258
565000,0,4.90705,-267.41,0.116319,0.283
565500,0,4.46117,-267.205,0.706542,0.326
566000,0,4.14201,-265.544,0.62701,0.317889
566500,0,3.91136,-265.981,0.834724,0.288
567000,0,4.82762,-267.481,0.798881,0.292
567500,0,4.21601,-265.615,1.07717,0.298
568000,0,5.4504,-265.96,0.287048,0.294
568500,0,4.95799,-267.141,0.68511,0.282
569000,0,4.59496,-265.734,0.726103,0.322571
569500,0,5.21016,-265.896,0.152996,0.288
570000,0,4.41864,-265.619,1.05382,0.3045
570500,0,5.04339,-264.735,0.553977,0.294
571000,0,5.06325,-266.706,0.316507,0.31
571500,0,5.19938,-266.237,0.438333,0.284
572000,0,5.32589,-266.321,0.255687,0.296667
572500,0,5.41342,-265.467,0.122992,0.312
573000,0,4.81245,-266.777,0.635443,0.330875
573500,0,5.44707,-264.848,0.0879798,0.326
574000,0,5.4348,-265.602,0.235429,0.332
574500,0,4.10769,-266.452,1.72131,0.344
575000,0,4.58518,-265.443,0.854698,0.306
575500,0,4.18533,-265.914,0.52234,0.31
576000,0,4.69715,-268.544,0.270567,0.289
576500,0,4.90085,-265.071,0.155459,0.312
577000,0,4.8616,-265.797,0.174059,0.291
577500,0,3.47114,-265.639,1.38522,0.296
578000,0,4.04355,-265.332,0.714286,0.287
578500,0,3.94862,-266.707,0.377414,0.322
579000,0,4.32963,-265.883,0.21771,0.308
579500,0,3.58351,-266.677,0.909536,0.324
580000,0,3.1838,-265.669,1.03732,0.314875
580500,0,3.14942,-265.904,0.765993,0.27
581000,0,5.25318,-265.12,0.399975,0.3165
581500,0,5.56882,-265.301,0.0479851,0.354
582000,0,5.56755,-264.809,0.101222,0.333
582500,0,4.31885,-266.13,1.31181,0.358
583000,0,4.73599,-265.513,0.00817792,0.307
583500,0,4.9632,-264.832,0.0807058,0.332
584000,0,5.01466,-264.792,0.0357045,0.337
584500,0,5.15348,-264.871,0.185059,0.312
585000,0,5.62109,-265.247,0.0321531,0.319917
585500,0,4.84832,-264.766,0.816245,0.334
586000,0,4.63793,-264.758,0.974126,0.326
586500,0,5.50219,-265.878,0.380098,0.34
587000,0,5.29587,-264.81,0.0353242,0.310875
587500,0,4.41132,-267.557,0.130724,0.33
588000,0,4.9959,-266.863,0.0810499,0.328
588500,0,4.07103,-266.653,0.255109,0.364
589000,0,5.02927,-264.662,0.217431,0.325
589500,0,4.62957,-265.466,0.709938,0.312
590000,0,5.12229,-264.983,0.295047,0.316
590500,0,4.54081,-264.806,0.302291,0.29
591000,0,4.6343,-265.117,0.249619,0.313857
591500,0,4.52969,-265.341,1.01778,0.306
592000,0,4.23688,-266.708,0.659094,0.319
592500,0,5.58176,-265.687,0.0162398,0.304
593000,0,5.64372,-266.496,0.0568963,0.33
593500,0,4.78687,-267.333,0.879556,0.34
594000,0,4.90855,-267.558,0.516208,0.318167
594500,0,5.61621,-265.631,0.13275,0.312
595000,0,4.77709,-265.1,1.00456,0.314
595500,0,5.37723,-266.294,0.514606,0.342
596000,0,5.31506,-268.063,0.576362,0.367
596500,0,5.07343,-268.543,0.806575,0.304
597000,0,5.29671,-266.004,0.593195,0.325714
597500,0,5.0547,-265.517,0.443727,0.326
598000,0,5.59853,-266.594,0.175996,0.32175
598500,0,5.30867,-266.4,0.00970967,0.316
599000,0,5.83876,-267.082,0.109146,0.333333
599500,0,5.31797,-266.763,0.631803,0.33
600000,0,5.33059,-265.98,0.00771139,0.349
600500,0,5.21506,-266.118,0.0364053,0.27
601000,0,4.31391,-265.724,0.990647,0.279
601500,0,5.3273,-267.272,0.617301,0.302
602000,0,5.1256,-265.805,0.120928,0.30975
602500,0,5.15725,-266.544,0.291503,0.308
603000,0,3.94315,-267.013,1.23524,0.305
603500,0,4.42163,-265.53,0.148934,0.324
604000,0,4.67354,-265.355,0.266117,0.32
604500,0,5.37898,-264.831,0.0665349,0.296
605000,0,5.16835,-266.189,0.122509,0.327
605500,0,4.91627,-264.568,0.14508,0.286
606000,0,4.51137,-265.621,0.100886,0.289
606500,0,4.89,-265.056,0.555891,0.304
607000,0,5.56896,-268.839,0.11475,0.3284
607500,0,5.24449,-265.57,0.266717,0.344
608000,0,2.70666,-265.866,2.42705,0.322857
608500,0,3.13921,-265.861,1.86878,0.328
609000,0,3.44974,-266.707,0.436574,0.295
609500,0,4.02838,-265.421,0.549871,0.268
610000,0,3.84606,-267.271,0.591928,0.30425
610500,0,4.73328,-265.099,0.89035,0.272
611000,0,5.11612,-266.569,0.528601,0.3315
611500,0,5.63865,-266.944,0.134585,0.276
612000,0,4.72433,-269.107,0.149415,0.327368
612500,0,5.44038,-267.071,0.294406,0.248
613000,0,3.32884,-268.021,0.0710745,0.291
613500,0,3.48015,-264.984,1.27759,0.306
614000,0,3.95246,-266.117,0.517417,0.289
614500,0,4.96335,-265.013,0.0678201,0.312
615000,0,3.7983,-265.451,0.435875,0.2944
615500,0,4.84913,-265.203,0.0800784,0.336
616000,0,3.68901,-265.305,0.77442,0.327
616500,0,3.09598,-265.833,0.819506,0.302
617000,0,4.2969,-265.235,0.211037,0.31475
617500,0,5.32236,-266.157,0.486862,0.296
618000,0,4.72508,-267.279,1.03936,0.306
618500,0,4.31754,-265.549,0.844612,0.344
619000,0,5.42569,-267.928,0.0107357,0.333
619500,0,4.61086,-271.402,0.552375,0.3
620000,0,4.18115,-265.809,0.109723,0.312385
620500,0,3.15735,-266.045,1.09813,0.324
621000,0,4.28264,-266.082,1.48988,0.305
621500,0,5.38207,-266.339,0.387675,0.322
622000,0,5.26088,-264.798,0.163048,0.296333
622500,0,4.87598,-267.542,0.174206,0.346
623000,0,4.81037,-269.808,0.146095,0.299111
623500,0,4.72082,-264.72,0.0554518,0.348
624000,0,3.29285,-266.085,0.740647,0.309
624500,0,3.71898,-268.726,0.105718,0.288
625000,0,3.90005,-265.814,0.102904,0.304333
625500,0,4.12768,-265.797,0.174455,0.284
626000,0,4.1543,-265.978,0.19606,0.2998
626500,0,4.04237,-265.658,0.466713,0.296
627000,0,3.81864,-266.562,0.0554254,0.287
627500,0,3.16982,-266.958,0.918903,0.322
628000,0,5.52371,-266.54,0.359978,0.312333
628500,0,4.84262,-266.029,0.671767,0.328
629000,0,3.27056,-266.628,0.756691,0.318
629500,1,6.5752,-263.503,2.50136,0.436
630000,0,4.95221,-265.446,0.353088,0.32
630500,1,3.92269,-268.467,1.10966,0.368
631000,0,3.99048,-266.755,0.743743,0.423
631500,0,3.72274,-264.87,0.94868,0.294
632000,0,4.14692,-265.196,0.452603,0.272
632500,0,4.1062,-265.245,0.481973,0.278
633000,0,4.30404,-264.753,0.820042,0.293
633500,0,3.47519,-267.821,0.296849,0.314
634000,0,4.40301,-264.697,0.791389,0.311917
634500,0,4.6579,-264.84,0.455722,0.33
635000,0,4.42347,-267.423,0.819456,0.315
635500,0,5.06168,-265.572,0.393633,0.302
636000,0,4.77298,-264.939,0.369087,0.322667
636500,0,4.14748,-268.839,0.0532254,0.25
637000,0,2.76776,-266.156,1.35974,0.287
637500,0,2.8656,-268.281,0.511622,0.316
638000,0,3.99297,-266.33,0.618385,0.295
638500,0,3.81463,-264.608,1.1453,0.292
639000,0,4.08166,-267.161,0.124786,0.29
639500,0,4.55699,-266.727,0.151065,0.244
640000,0,4.87505,-264.841,0.188845,0.320437
640500,0,3.21819,-265.898,1.80455,0.308
641000,0,4.10033,-265.599,0.61689,0.336
641500,0,2.89751,-265.861,1.36436,0.286
642000,0,3.81878,-265.608,0.239153,0.300143
642500,0,2.42278,-265.795,1.83347,0.268
643000,0,3.12317,-267.232,0.768558,0.299
643500,0,3.0059,-266.895,0.286433,0.322
644000,0,4.33074,-265.242,0.0375878,0.3244
644500,0,4.43094,-265.813,0.0765603,0.24
645000,0,5.39207,-265.009,0.0244454,0.297167
645500,0,3.86372,-265.739,1.14358,0.326
646000,0,4.11864,-264.96,1.02186,0.3012
646500,0,4.39599,-266.07,0.215432,0.34
647000,0,3.97385,-268.735,0.197333,0.295
647500,0,4.34022,-265.048,0.239953,0.33
648000,0,5.11923,-268.132,0.0893216,0.3106
648500,0,4.72651,-267.005,0.0451411,0.316
649000,0,4.09546,-267.063,0.277754,0.284
649500,0,4.4511,-266.232,0.066794,0.274
650000,0,3.79001,-266.392,0.607032,0.3005
650500,0,4.48368,-266.346,0.245322,0.332
651000,0,3.97964,-266.029,0.688095,0.317
651500,0,5.56552,-265.589,0.0935667,0.318
652000,0,4.9235,-266.656,0.251353,0.319
652500,0,4.48058,-267.687,0.559614,0.25
653000,0,4.4561,-266.391,0.303876,0.277
653500,0,4.73947,-266.725,0.0351625,0.236
654000,0,4.82158,-266.052,0.150566,0.268
654500,0,3.60016,-267.214,1.08926,0.316
655000,0,3.77604,-264.591,1.3262,0.301
655500,0,4.31409,-265.127,0.163846,0.316
656000,0,4.29862,-265.245,0.182558,0.334
656500,0,4.17338,-266.657,0.161308,0.484
657000,0,5.23532,-264.948,0.130977,0.322417
657500,0,4.73618,-264.881,0.411837,0.336
658000,0,4.00806,-267.093,0.808005,0.324
658500,0,4.0188,-264.691,1.23126,0.33
659000,0,3.74157,-265.426,0.480148,0.334
659500,0,5.36877,-265.408,0.212962,0.326
660000,0,4.04609,-265.209,1.56999,0.329
660500,0,4.7032,-264.933,0.32677,0.328
661000,0,3.83671,-265.082,1.01464,0.307
661500,0,4.76507,-265.144,0.0470285,0.282
662000,0,4.8471,-264.614,0.299274,0.313
662500,0,5.3094,-265.642,0.166809,0.278
663000,0,3.92037,-264.952,1.09425,0.3205
663500,0,4.49614,-265.617,0.2828,0.28
664000,0,4.66619,-265.112,0.15976,0.316375
664500,0,3.76689,-265.319,1.55132,0.324
665000,1,7.78707,-263.775,1.52167,0.37
665500,0,5.59481,-265.525,0.0339059,0.28
666000,0,5.59133,-265.951,0.117113,0.298
666500,0,4.85909,-265.588,0.678617,0.322
667000,0,4.8811,-264.914,0.103437,0.306
667500,0,4.79998,-266.326,0.120001,0.322
668000,0,4.27339,-265.704,0.0856846,0.316
668500,0,4.21962,-265.762,0.518444,0.296
669000,0,3.7042,-265.255,0.634446,0.306
669500,0,3.43514,-265.858,0.81237,0.326
670000,0,2.49634,-265.785,2.79617,0.317571
670500,0,3.37458,-265.082,1.15705,0.292
671000,0,4.34398,-265.067,0.435253,0.3305
671500,0,5.65936,-266.557,0.107021,0.348
672000,0,4.73562,-266.404,0.519239,0.3132
672500,0,4.98449,-265.026,0.582413,0.306
673000,0,5.23838,-265.979,0.570267,0.315
673500,0,4.98159,-266.366,0.888477,0.35
674000,0,5.78653,-266.934,0.115016,0.356
674500,0,4.21802,-265.699,1.21987,0.306
675000,0,4.64135,-265.126,0.845055,0.318
675500,0,5.07901,-266.155,0.032249,0.336
676000,0,5.03711,-264.716,0.342641,0.322167
676500,0,5.39148,-268.263,0.4764,0.33
677000,0,5.1642,-267.518,0.760596,0.313
677500,0,5.2435,-265.578,0.452175,0.336
678000,0,5.0823,-265.9,0.416951,0.333
678500,0,5.04824,-265.002,0.135896,0.354
679000,0,3.05445,-265.037,1.53032,0.347
679500,0,4.13754,-268.242,0.102043,0.304
680000,0,5.06115,-264.675,0.0191674,0.32025
680500,0,4.97577,-264.867,0.348224,0.328
681000,0,4.48666,-267.959,0.417942,0.316
681500,0,4.19417,-265.573,0.714458,0.278
682000,0,4.63609,-266.178,0.124365,0.271
682500,1,9.28251,-263.748,0.811712,0.336
683000,0,4.02973,-265.879,1.01354,0.361
683500,0,4.76859,-264.715,0.0019655,0.306
684000,0,5.38115,-267.65,0.571961,0.321222
684500,0,5.44904,-265.443,0.337129,0.306
685000,0,5.00833,-267.829,0.694868,0.311
685500,0,5.28768,-265.87,0.480651,0.286
686000,0,4.74246,-264.928,0.57645,0.307857
686500,0,3.73345,-265.403,1.20681,0.304
687000,1,7.35853,-268.188,1.32326,0.323
687500,0,4.36235,-265.589,0.158369,0.32
688000,0,4.79204,-266.036,0.559855,0.329
688500,0,4.06574,-264.98,0.632865,0.306
689000,0,5.49716,-265.734,0.0186536,0.338
689500,0,5.30525,-265.7,0.438213,0.35
690000,0,3.99856,-265.562,0.0117956,0.317842
690500,0,4.17529,-265.118,0.472365,0.376
691000,0,4.75477,-265.631,0.672092,0.331333
691500,0,3.97464,-266.111,0.37098,0.314
692000,0,4.84502,-264.616,0.0712991,0.3315
692500,0,4.7099,-266.502,0.692372,0.34
693000,1,8.69119,-264.847,0.706027,0.3225
693500,0,3.88522,-265.492,0.586908,0.402
694000,0,4.99052,-266.296,0.284611,0.315364
694500,0,5.08838,-265.401,0.245767,0.3
695000,0,4.9241,-265.715,0.378431,0.294
695500,0,4.19496,-264.792,0.910237,0.444
696000,0,4.33057,-265.785,0.485602,0.373
696500,0,3.88213,-265.534,0.823347,0.33
697000,0,4.70257,-265.19,0.0484784,0.346
697500,0,3.92902,-266.908,0.452999,0.298
698000,0,4.59188,-264.741,0.211698,0.286
698500,0,3.23343,-266.147,0.865701,0.286
699000,0,4.6822,-265.748,0.332107,0.279
699500,0,4.58757,-266.631,0.14732,0.334
700000,0,5.08748,-265.252,0.0187466,0.319
700500,0,5.11205,-265.567,0.142983,0.308
701000,0,3.69027,-265.972,0.510193,0.314625
701500,0,4.62812,-264.77,0.0625946,0.31
702000,0,4.30279,-268.996,0.047068,0.31
702500,0,4.3803,-266.991,0.14388,0.24
703000,0,5.04982,-264.633,0.0165623,0.29
703500,0,4.17928,-264.876,0.834445,0.368
704000,0,4.69301,-267.203,0.0184246,0.327
704500,0,4.86906,-265.06,0.20522,0.296
705000,0,4.82054,-264.673,0.160337,0.297
705500,0,3.39576,-266.547,1.02818,0.432
706000,0,3.72854,-264.801,1.17823,0.312
706500,0,4.91078,-265.805,0.600336,0.332
707000,0,5.33489,-266.457,0.0893982,0.344
707500,0,5.47902,-265.563,0.118459,0.306
708000,0,4.9137,-266.169,0.508963,0.309
708500,1,10.2198,-266.589,0.604912,0.36
709000,0,4.73348,-267.138,0.538748,0.314625
709500,0,4.94631,-266.404,0.127735,0.308
710000,0,5.11706,-269.247,0.382473,0.328
710500,0,5.3713,-265.314,0.362992,0.292
711000,0,5.50743,-266.866,0.114027,0.315364
711500,0,5.56195,-267.07,0.400923,0.304
712000,0,3.75014,-265.356,1.67369,0.3145
712500,0,4.54184,-268.886,0.845845,0.328
713000,0,4.94653,-266.057,0.218439,0.3166
713500,0,5.08024,-264.936,0.110762,0.312
714000,0,4.12582,-266.972,0.506879,0.312
714500,0,4.53856,-265.231,0.108189,0.302
715000,0,2.60414,-264.948,2.24274,0.322
715500,0,4.46053,-265.324,0.698814,0.302
716000,0,4.8428,-265.743,0.392984,0.316273
716500,0,4.77922,-264.514,0.488127,0.352
717000,0,5.47535,-264.972,0.161955,0.3172
717500,0,5.52015,-265.234,0.167703,0.362
718000,1,8.88145,-263.612,0.366414,0.303143
718500,0,4.77134,-265.68,0.875602,0.364
719000,0,5.47049,-265.324,0.0663258,0.3275
719500,0,3.66913,-265.414,1.08156,0.35
720000,0,4.16074,-265.603,1.43172,0.32
720500,0,3.21686,-264.57,2.16126,0.292
721000,0,4.51333,-265.176,0.13676,0.305333
721500,0,4.53288,-264.89,0.163924,0.29
722000,0,4.11508,-266.255,0.353297,0.3125
722500,0,3.38983,-267.43,0.395132,0.346
723000,0,3.45118,-266.6,0.0413277,0.313
723500,0,3.6415,-266.402,0.0611483,0.296
724000,0,2.99479,-268.85,0.04699,0.287
724500,0,2.75441,-269.129,0.414213,0.288
725000,0,4.23274,-265.599,0.260222,0.309889
725500,0,2.43921,-267.545,0.448558,0.306
726000,0,4.68066,-267.715,0.439025,0.3
726500,0,4.31786,-264.855,0.799919,0.272
727000,0,4.28508,-265.207,1.04865,0.303
727500,0,4.67625,-264.972,0.0156191,0.274
728000,0,4.80985,-265.613,0.0679844,0.308222
728500,0,4.04709,-265.734,0.255365,0.388
729000,0,2.99711,-266.368,0.712112,0.308375
729500,0,3.95233,-265.766,0.444639,0.27
730000,0,4.90701,-268.588,0.921522,0.308833
730500,1,6.92799,-266.226,0.464793,0.29
731000,0,5.47827,-266.925,0.10815,0.327
731500,0,4.81142,-266.627,0.588149,0.35
732000,0,4.33999,-265.1,1.07247,0.323
732500,0,4.31399,-266.383,0.909398,0.254
733000,0,3.57779,-267.476,0.144566,0.3252
733500,0,3.15515,-266.71,0.144042,0.282
734000,0,4.90775,-266.686,0.189284,0.316333
734500,0,4.6292,-265.473,0.631882,0.298
735000,0,4.88574,-264.756,0.0825539,0.295
735500,0,4.1075,-266.259,0.104721,0.352
736000,1,9.01322,-267.196,0.625593,0.286
736500,0,4.01194,-266.661,0.050561,0.414
737000,0,5.51878,-266.317,0.120661,0.307
737500,0,5.41512,-265.692,0.066946,0.322
738000,0,2.88153,-265.728,1.05236,0.306
738500,0,2.12028,-265.817,1.84342,0.314
739000,0,3.05316,-268.985,0.0172252,0.318
739500,0,4.53648,-265.079,0.0954733,0.336
740000,0,2.91665,-266.533,1.57523,0.302
740500,0,2.73755,-265.63,1.33649,0.318
741000,0,4.45112,-265.551,0.313732,0.318
741500,0,4.20087,-265.676,0.41575,0.3
742000,0,5.06708,-265.03,0.0715215,0.317
742500,0,4.39929,-264.779,0.633481,0.338
743000,0,4.70059,-267.323,0.971656,0.330571
743500,0,4.72395,-264.925,0.248236,0.308
744000,0,2.5437,-264.934,2.40753,0.293
744500,0,4.93429,-266.9,0.275735,0.26
745000,0,4.81589,-267.661,0.726131,0.335667
745500,0,5.32052,-267.261,0.326555,0.328
746000,0,4.72647,-264.893,0.295524,0.306231
746500,1,7.68748,-266.743,1.88482,0.344
747000,0,4.5457,-265.284,0.278239,0.354
747500,0,3.98384,-265.236,1.5548,0.282
748000,0,2.87961,-266.63,1.52996,0.301333
748500,0,4.1913,-266.981,0.0358723,0.236
749000,0,3.73624,-265.228,0.933961,0.271
749500,0,3.66888,-265.615,0.652651,0.394
750000,0,4.96806,-270.313,0.130266,0.334
750500,0,4.36526,-264.728,0.845999,0.312
751000,0,4.23753,-264.974,1.42798,0.315929
751500,0,5.53365,-266.113,0.146372,0.348
752000,0,5.57106,-265.668,0.10686,0.33
752500,0,4.56922,-265.837,0.389385,0.306
753000,0,5.40142,-266.206,0.227541,0.304
753500,0,4.48567,-265.349,0.383279,0.326
754000,0,3.71582,-265.956,1.30002,0.32075
754500,0,4.22607,-265.163,1.20201,0.288
755000,0,5.57325,-264.909,0.0683309,0.315
755500,0,5.30847,-267.929,0.343504,0.298
756000,0,5.24719,-265.473,0.187336,0.309
756500,0,4.17048,-264.848,0.758365,0.32
757000,0,4.91328,-265.297,0.211481,0.312308
757500,0,4.72306,-265.968,0.0488504,0.274
758000,0,4.76533,-265.098,0.599566,0.3148
758500,0,5.17273,-264.772,0.442723,0.296
759000,0,5.28738,-266.282,0.256378,0.320083
759500,0,5.68778,-268.37,0.181777,0.36
760000,0,5.72902,-266.48,0.125648,0.347
760500,0,5.59787,-266.931,0.276154,0.33
761000,0,5.57914,-267.843,0.294024,0.331
761500,0,5.8275,-266.704,0.0578044,0.334
762000,0,4.41374,-265.897,1.49201,0.323
762500,0,5.75615,-266.966,0.208354,0.282
763000,0,4.21902,-265.388,1.2424,0.304
763500,0,5.17562,-265.247,0.432111,0.31
764000,0,4.42416,-268.937,0.433425,0.298
764500,0,4.15705,-264.98,0.525278,0.28
765000,0,4.13511,-265.277,0.420336,0.306
765500,0,4.39374,-265.218,0.247043,0.268
766000,0,5.77491,-266.268,0.165462,0.3133
766500,0,4.39283,-269.364,1.15917,0.308
767000,0,4.46701,-268.092,0.52459,0.328
767500,0,4.97556,-267.881,0.230922,0.366
768000,0,3.92413,-268.925,0.108717,0.3128
768500,0,4.12516,-265.229,0.765531,0.298
769000,0,4.53099,-269.94,0.557852,0.294
769500,0,4.91197,-265.645,0.483009,0.338
770000,0,4.42789,-267.341,0.246086,0.311333
770500,0,4.70199,-265.088,0.0974321,0.276
771000,0,3.3612,-267.67,0.171854,0.301667
771500,0,3.80265,-268.462,0.43293,0.258
772000,0,4.05764,-265.115,0.578957,0.264
772500,0,2.75342,-264.726,2.15659,0.356
773000,0,4.82947,-265.746,0.187179,0.305545
773500,0,4.78514,-264.94,0.287615,0.296
774000,0,4.6999,-269.492,0.39607,0.289
774500,0,4.59003,-265.238,0.321703,0.308
775000,0,4.45656,-265.207,0.264602,0.312667
775500,0,5.05106,-264.81,0.0649464,0.31
776000,0,5.11989,-264.628,0.00411306,0.321
776500,0,4.74194,-264.819,0.639269,0.336
777000,0,4.91372,-266.623,0.218503,0.317
777500,0,4.06031,-266.125,0.192879,0.278
778000,0,4.26789,-266.297,0.087371,0.299
778500,0,3.55227,-266.231,0.597601,0.286
779000,0,3.03036,-267.119,0.778549,0.287
779500,0,4.24715,-264.876,0.375046,0.352
780000,0,4.37284,-265.478,0.135924,0.319
780500,0,2.53798,-266.706,0.953557,0.334
781000,0,3.4222,-266.76,0.297161,0.318
781500,0,3.69579,-265.393,0.658674,0.318
782000,0,3.95743,-268.175,0.41683,0.297333
782500,0,3.384,-266.23,0.451776,0.296
783000,0,1.9663,-268.327,1.78075,0.32
783500,0,3.69074,-266.009,0.50402,0.302
784000,0,4.02482,-265.425,0.385532,0.298
784500,0,4.07915,-267.198,0.212923,0.262
785000,0,4.71285,-265.333,0.469494,0.303125
785500,0,3.40328,-265.869,0.765767,0.356
786000,0,4.03573,-266.578,0.465307,0.2885
786500,0,3.47945,-265.756,1.27338,0.296
787000,0,4.83385,-265.326,0.533193,0.327
787500,0,4.56477,-266.216,0.764941,0.278
788000,0,4.73029,-266.54,0.428952,0.305857
788500,0,4.91182,-266.277,0.384664,0.314
789000,0,4.4262,-266.978,0.0446252,0.303125
789500,0,3.95585,-266.929,0.556583,0.266
790000,0,4.91504,-265.406,0.267534,0.328
790500,0,5.14822,-264.851,0.0676423,0.33
791000,0,5.03421,-264.826,0.160223,0.297333
791500,0,4.76671,-266.404,0.0902128,0.266
792000,0,3.97587,-266.58,0.17241,0.287
792500,0,4.21904,-265.375,0.365614,0.25
793000,0,3.59995,-265.279,1.32799,0.293333
793500,0,4.39968,-265.755,0.150206,0.282
794000,0,5.07461,-265.457,0.088512,0.299429
794500,0,4.94719,-264.57,0.250682,0.326
795000,0,5.16515,-264.737,0.0931825,0.293833
795500,0,3.73244,-265.897,0.236564,0.378
796000,0,2.56816,-265.779,1.38919,0.341
796500,0,2.28222,-267.011,0.946925,0.316
797000,0,4.95901,-265.034,0.060975,0.317
797500,0,4.9401,-264.981,0.40368,0.322
798000,1,7.37067,-265.753,1.73741,0.314
798500,0,4.92533,-267.318,0.818354,0.546
799000,0,5.30164,-265.68,0.0211466,0.334
799500,0,5.05223,-265.953,0.0219591,0.342
800000,0,4.03536,-265.241,0.942299,0.319
800500,0,4.69651,-265.937,0.157449,0.318
801000,0,4.20493,-265.563,0.0996367,0.358333
801500,0,4.11661,-266.647,0.791624,0.342
802000,0,3.30592,-265.089,1.17556,0.291
802500,0,3.98951,-267.614,0.944036,0.288
803000,0,5.52857,-264.779,0.0346538,0.311636
803500,0,5.30213,-266.84,0.130203,0.3
804000,0,3.93124,-265.509,1.13575,0.3155
804500,0,4.36868,-267.215,0.666983,0.28
805000,0,5.14917,-265.183,0.100453,0.27
805500,0,4.66947,-266.287,0.362614,0.314
806000,0,5.39874,-264.927,0.0546376,0.301333
806500,0,5.36697,-264.49,0.0462595,0.312
807000,0,5.48818,-265.535,0.325487,0.325167
807500,0,4.26161,-264.799,1.00164,0.318
808000,0,4.66863,-265.491,0.141952,0.2925
808500,0,4.83805,-264.679,0.21561,0.328
809000,0,5.21352,-265.217,0.183046,0.32275
809500,0,4.66148,-265.028,0.110562,0.308
810000,0,1.34787,-268.279,1.40269,0.326
810500,0,1.18716,-267.201,2.84074,0.312
811000,0,4.22433,-265.274,0.301443,0.318
811500,0,3.89022,-267.846,0.171879,0.284
812000,0,4.83314,-265.823,0.08652,0.344333
812500,1,8.53016,-266.44,0.3921,0.336
813000,0,4.08254,-266.191,0.10465,0.33
813500,0,3.58232,-265.302,1.44531,0.33
814000,0,4.70676,-266.29,0.247654,0.328
814500,0,4.88839,-264.528,0.330216,0.302
815000,0,4.14496,-268.69,0.301917,0.304
815500,0,5.19803,-266.29,0.0127384,0.308
816000,0,5.52614,-266.787,0.0118411,0.298
816500,0,5.37747,-265.182,0.11878,0.316
817000,0,4.86051,-265.353,0.248574,0.314167
817500,0,4.42785,-265.088,1.07476,0.328
818000,0,4.24833,-266.694,0.914739,0.312375
818500,0,4.99506,-265.453,0.201296,0.308
819000,0,3.71639,-267.13,0.991261,0.33
819500,0,4.11856,-264.952,0.484677,0.3
820000,0,4.16857,-265.51,0.0406811,0.324923
820500,1,9.41956,-266.445,0.0332526,0.418
821000,0,4.66612,-266.291,0.285795,0.408
821500,0,4.26041,-266.717,0.228192,0.256
822000,0,4.66134,-266.704,0.224552,0.3128
822500,0,5.04613,-266.095,0.0832236,0.314
823000,0,2.82715,-265.421,1.82635,0.315
823500,1,7.60299,-263.651,0.304712,0.348
824000,0,4.83808,-266.004,0.172253,0.349
824500,0,5.18791,-265.089,0.078514,0.296
825000,0,4.24826,-268.329,1.4066,0.30375
825500,0,4.75982,-267.493,0.892996,0.292
826000,0,5.92906,-267.3,0.0551226,0.325
826500,0,5.81045,-267.951,0.0982519,0.3
827000,0,5.11914,-268.335,0.701291,0.328
827500,0,5.53772,-270.765,0.14888,0.332
828000,0,3.93497,-266.032,0.347239,0.314111
828500,0,3.98659,-266.058,0.177408,0.32
829000,0,5.30743,-265.844,0.387308,0.331
829500,0,5.05097,-265.105,0.41305,0.312
830000,0,5.5715,-268.236,0.247023,0.336
830500,0,5.05083,-269.772,0.815578,0.334
831000,0,5.93457,-266.586,0.0273725,0.336
831500,0,4.86808,-266.099,0.980718,0.39
832000,0,5.16221,-267.275,0.622596,0.345
832500,0,5.71072,-266.577,0.15725,0.334
833000,0,5.37351,-265.331,0.118626,0.319
833500,0,5.26213,-266.366,0.0957946,0.3
834000,0,5.5424,-266.413,0.00832456,0.315
834500,0,4.74914,-265.295,1.06161,0.338
835000,0,5.29709,-268.888,0.0840343,0.324
835500,0,3.37143,-266.042,2.38595,0.296
836000,0,4.96888,-265.327,0.697407,0.318
836500,0,5.17292,-266.982,0.647914,0.338
837000,0,5.70563,-265.495,0.0598658,0.339
837500,0,4.89784,-265.975,0.823766,0.292
838000,0,4.52398,-265.788,0.889645,0.311786
838500,0,5.19251,-265.81,0.488407,0.278
839000,0,5.33221,-264.66,0.0524185,0.3115
839500,0,4.66707,-267.385,0.66805,0.364
840000,0,5.54254,-265.042,0.207319,0.353
840500,0,5.3746,-265.769,0.311837,0.322
841000,0,4.61115,-267.454,0.970841,0.31656
841500,0,4.36326,-265.506,1.46338,0.344
842000,0,5.07762,-265.845,0.468816,0.317
842500,0,4.55234,-265.163,1.08592,0.32
843000,0,4.06487,-266.388,0.186699,0.3144
843500,0,3.02014,-267.633,0.287249,0.288
844000,0,5.09886,-266.537,0.410457,0.31675
844500,0,4.09735,-264.674,1.13757,0.39
845000,0,3.94468,-272.273,0.629963,0.320375
845500,0,5.27347,-267.114,0.195073,0.286
846000,0,5.07563,-265.252,0.573985,0.306
846500,0,5.53422,-266.47,0.385489,0.36
847000,0,4.92997,-265.898,0.854453,0.349
847500,0,5.44348,-267.967,0.121826,0.3
848000,0,5.4778,-266.299,0.195483,0.323
848500,0,4.78282,-266.537,0.568199,0.298
849000,0,5.40267,-265.018,0.0740134,0.3086
849500,0,4.79711,-265.155,0.144294,0.342
850000,0,5.65055,-265.893,0.25632,0.3385
850500,0,5.5965,-267.242,0.233625,0.32
851000,0,5.80077,-266.276,0.0128665,0.306
851500,0,4.69355,-265.858,1.04649,0.306
852000,0,5.56417,-265.701,0.208364,0.31
852500,0,5.63334,-265.601,0.188243,0.314
853000,0,5.2132,-267.28,0.589547,0.322
853500,0,5.06057,-265.973,0.64382,0.32
854000,0,4.64031,-265.507,1.22659,0.314
854500,0,5.05326,-265.268,0.413288,0.374
855000,0,4.71466,-265.337,0.030398,0.34
855500,0,3.67372,-265.533,0.494913,0.28
856000,0,3.28858,-266.348,0.271341,0.302
856500,0,2.02671,-266.444,2.17852,0.294
857000,0,5.15956,-264.904,0.0671617,0.292
857500,0,3.99673,-265.532,0.392965,0.292
858000,0,4.59389,-266.454,0.621263,0.276
858500,0,4.30984,-264.724,1.04815,0.262
859000,0,5.06076,-264.613,0.369899,0.322
859500,0,5.30652,-266.111,0.194463,0.304
860000,0,3.86534,-265.088,0.744555,0.317111
860500,0,3.60939,-265.983,0.764491,0.332
861000,0,3.72406,-265.802,0.38895,0.2955
861500,0,4.25936,-265.393,0.0158068,0.316
862000,0,4.65907,-265.556,0.3656,0.331
862500,0,4.81968,-265.694,0.282444,0.346
863000,0,5.26243,-266.546,0.174032,0.314
863500,0,4.90252,-264.855,0.483597,0.334
864000,0,5.62329,-267.063,0.183702,0.321167
864500,0,5.43146,-265.336,0.310637,0.306
865000,0,5.34462,-264.452,0.0264674,0.332
865500,0,5.46497,-266.674,0.253945,0.314
866000,0,4.83495,-264.733,0.0917842,0.30075
866500,0,5.3682,-265.755,0.094198,0.34
867000,0,5.02116,-264.721,0.0679425,0.323
867500,0,3.80482,-267.662,1.55579,0.326
868000,0,4.01316,-264.93,1.3101,0.315
868500,0,5.78522,-265.671,0.0884165,0.358
869000,0,4.09334,-265.795,1.14118,0.316038
869500,0,3.92317,-265.813,1.193,0.336
870000,0,4.90253,-267.475,0.315409,0.333
870500,0,4.72521,-264.504,0.484076,0.328
871000,0,5.05654,-265.728,0.247334,0.34
871500,0,4.50675,-264.962,0.0100749,0.316
872000,0,4.06295,-266.72,0.444973,0.317
872500,0,4.66679,-265.113,0.0259156,0.328
873000,0,4.28875,-264.961,0.180575,0.31175
873500,0,2.04929,-266.175,2.14598,0.292
874000,0,4.20515,-264.845,0.525659,0.274
874500,0,4.44007,-265.26,0.0818407,0.296
875000,0,4.24642,-269.818,0.756163,0.301
875500,0,3.57584,-267.391,0.692718,0.252
876000,0,4.32554,-265.682,0.31752,0.321125
876500,0,3.88336,-265.23,1.01346,0.276
877000,0,2.63576,-268.882,3.01653,0.278
877500,0,4.7844,-266.097,0.103604,0.294
878000,0,5.15925,-265.678,0.16918,0.272
878500,0,4.30137,-265.288,0.114698,0.3
879000,0,4.57224,-267.348,0.887132,0.313286
879500,0,5.3884,-266.45,0.0891882,0.288
880000,0,5.48067,-265.418,0.0672258,0.306
880500,0,5.10428,-267.849,0.69279,0.312
881000,0,5.16832,-268.052,0.742451,0.315
881500,0,5.80034,-267.157,0.0153282,0.326
882000,0,4.25971,-267.298,1.09817,0.315714
882500,0,5.11557,-266.782,0.135506,0.344
883000,0,4.27121,-265.593,0.698449,0.314944
883500,0,5.04846,-267.073,0.00661093,0.3
884000,0,4.63244,-264.697,0.806395,0.3255
884500,0,4.03543,-265.663,1.20408,0.326
885000,0,4.76567,-266.408,0.0330659,0.3245
885500,0,4.66062,-264.778,0.199825,0.332
886000,0,4.46804,-265.977,0.231744,0.31575
886500,0,3.43732,-265.079,1.57012,0.318
887000,0,4.92522,-265.312,0.106587,0.312
887500,0,5.09639,-265.525,0.350725,0.346
888000,0,5.06104,-265.046,0.394292,0.313
888500,0,5.32206,-266.978,0.201989,0.328
889000,0,4.69586,-267.596,0.652975,0.3395
889500,1,7.67119,-264.752,0.550215,0.312
890000,0,4.10975,-266.126,1.2567,0.3115
890500,0,5.4352,-265.207,0.0483421,0.308
891000,0,4.0351,-266.021,1.64103,0.3145
891500,0,4.375,-270.594,0.531058,0.318
892000,0,4.95045,-265.939,0.534164,0.315
892500,0,4.28511,-266.533,0.531769,0.3
893000,0,4.20327,-265.364,1.46735,0.319
893500,0,5.4421,-265.487,0.247964,0.308
894000,0,5.58733,-265.71,0.119542,0.304
894500,0,3.07561,-265.153,1.37354,0.34
895000,0,3.63275,-265.15,1.06974,0.3142
895500,0,4.78549,-267.098,0.0957424,0.306
896000,0,2.86424,-264.795,2.55626,0.31925
896500,0,5.24423,-265.675,0.013562,0.244
897000,0,4.17222,-265.982,0.0592722,0.264
897500,0,4.47554,-265.191,0.00398292,0.306
898000,0,4.44282,-268.317,0.321877,0.296
898500,0,5.03905,-266.732,0.0460295,0.314
899000,0,5.37832,-264.966,0.0287721,0.282
899500,0,5.03703,-265.107,0.158729,0.288
900000,1,7.00629,-264.392,1.02282,0.346
900500,0,5.5921,-265.153,0.0122996,0.346
901000,0,4.38169,-267.459,0.626981,0.343
901500,0,3.53561,-266.2,0.279159,0.308
902000,0,4.01213,-265.508,1.14863,0.3245
902500,0,3.96591,-265.452,0.85937,0.304
903000,0,2.57776,-264.826,2.24588,0.329
903500,0,4.5176,-265.832,0.278889,0.324
904000,0,3.20653,-265.592,2.00719,0.3245
904500,0,4.9139,-266.38,0.0453195,0.344
905000,0,5.22508,-264.873,0.0433202,0.324
905500,0,5.36655,-266.304,0.00039109,0.32
906000,0,4.97931,-266.501,0.150148,0.312818
906500,0,4.87229,-264.873,0.125503,0.288
907000,0,3.89231,-264.561,1.10704,0.306
907500,0,4.47061,-265.562,0.394951,0.314
908000,0,5.02961,-265.485,0.00871763,0.310286
908500,0,5.4183,-265.713,0.108808,0.29
909000,0,5.61781,-266.012,0.0368098,0.312
909500,0,5.72265,-267.577,0.105407,0.276
910000,0,5.54175,-266.769,0.304751,0.301
910500,0,4.55368,-269.44,1.2387,0.338
911000,0,4.32325,-265.76,0.625162,0.309833
911500,0,4.27853,-266.178,0.15649,0.316
912000,0,4.53715,-264.88,0.125551,0.321
912500,1,10.5531,-264.976,0.62545,0.444
913000,0,4.55385,-264.936,0.703832,0.394
913500,0,5.44165,-265.503,0.0342131,0.326
914000,0,4.57866,-264.683,0.389289,0.322
914500,0,2.91877,-266.168,1.34036,0.304
915000,0,4.47405,-265.367,0.00714911,0.3145
915500,0,5.01364,-265.787,0.348792,0.302
916000,1,8.84388,-264.865,0.594085,0.338
916500,0,4.93259,-265.561,0.775585,0.332
917000,0,4.7278,-266.421,1.02465,0.324333
917500,0,5.77763,-265.658,0.0397998,0.324
918000,0,5.8062,-267.013,0.0505291,0.318
918500,0,4.6331,-265.451,1.04027,0.332
919000,0,4.7236,-265.138,0.163965,0.328
919500,0,3.37046,-266.367,1.21013,0.292
920000,0,4.34106,-265.946,0.0385414,0.276
920500,0,5.60201,-266.427,0.137642,0.28
921000,0,4.44472,-265.021,0.906287,0.295
921500,0,4.96799,-265.379,0.152992,0.316
922000,0,4.19902,-265.53,1.0794,0.335
922500,0,5.04309,-266.801,0.21877,0.302
923000,0,4.76652,-265.162,0.598472,0.313
923500,0,4.29725,-265.205,1.01792,0.3
924000,0,5.0421,-265.23,0.661847,0.305471
924500,0,5.59583,-265.882,0.16718,0.34
925000,0,4.99672,-266.865,0.0851253,0.304222
925500,0,5.0675,-264.71,0.108682,0.294
926000,0,4.72385,-270.183,0.249787,0.306333
926500,0,5.37376,-267.416,0.0637127,0.292
927000,0,4.96738,-265.396,0.82286,0.3015
927500,0,5.251,-266.165,0.523863,0.34
928000,0,5.17906,-264.904,0.517853,0.314
928500,0,5.2071,-266.318,0.490871,0.322
929000,0,4.61099,-265.975,0.355724,0.316192
929500,0,5.35334,-265.964,0.0108597,0.348
930000,0,5.3329,-265.211,0.211693,0.314
930500,0,4.61833,-265.715,0.59583,0.324
931000,0,5.16927,-265.417,0.491896,0.312857
931500,0,4.91516,-265.978,0.654868,0.302
932000,1,10.9872,-265.69,0.440296,0.322
932500,0,5.28069,-264.647,0.256809,0.374
933000,0,4.7093,-266.159,0.103069,0.323
933500,0,4.78303,-265.341,0.24656,0.294
934000,0,4.52675,-265.38,0.579276,0.315
934500,0,3.8651,-265.309,0.689396,0.31
935000,0,3.48633,-265.058,1.03998,0.332
935500,0,4.60568,-264.73,0.271512,0.328
936000,0,4.55325,-265.452,0.129326,0.314
936500,0,5.02874,-265.201,0.0497157,0.328
937000,0,2.2913,-268.573,1.97219,0.335
937500,0,5.39612,-265.113,0.17816,0.326
938000,0,4.64393,-265.445,0.28787,0.334273
938500,0,4.64569,-267.692,0.445566,0.328
939000,0,4.4401,-265.117,0.277337,0.323714
939500,0,4.01479,-266.107,0.0184231,0.34
940000,0,4.55566,-264.918,0.973258,0.3187
940500,0,5.36429,-265.65,0.215238,0.316
941000,0,5.28519,-264.732,0.0383039,0.33
941500,0,5.16518,-265.997,0.443875,0.276
942000,0,4.65318,-265.69,0.834364,0.284
942500,1,7.8882,-264.415,1.6372,0.354
943000,0,4.97572,-266.968,0.334321,0.346
943500,0,5.28925,-266.273,0.117799,0.304
944000,0,4.31903,-264.822,0.74063,0.3222
944500,0,4.10875,-264.84,0.918757,0.296
945000,0,4.32876,-264.882,0.63758,0.310143
945500,0,4.49941,-265.078,0.473547,0.37
946000,0,4.92234,-266.111,0.276489,0.331
946500,0,4.86706,-266.322,0.565063,0.298
947000,0,5.47764,-266.712,0.00458331,0.307333
947500,0,5.30423,-264.73,0.174081,0.296
948000,0,3.66464,-266.098,1.5622,0.299
948500,0,4.7714,-265.109,0.844985,0.326
949000,0,3.73921,-265.679,0.84852,0.303667
949500,0,3.89204,-267.027,0.246395,0.32
950000,0,4.99328,-265.611,0.12623,0.3235
950500,0,5.18255,-267.009,0.407024,0.304
951000,0,5.48999,-265.35,0.195321,0.3
951500,0,4.97198,-265.249,0.269521,0.332
952000,0,5.21259,-264.676,0.0159181,0.328
952500,0,5.07066,-266.165,0.225616,0.286
953000,0,4.75737,-265.326,0.362286,0.302
953500,0,4.76608,-267.561,0.0925917,0.324
954000,0,5.47984,-265.878,0.29943,0.316647
954500,0,5.25888,-265.105,0.0248736,0.284
955000,0,4.55926,-265.207,0.729017,0.3
955500,0,5.03677,-266.055,0.486646,0.296
956000,0,4.93522,-264.941,0.629022,0.279
956500,0,5.48918,-264.944,0.0895636,0.368
957000,0,4.99871,-266.179,0.176049,0.316875
957500,0,3.92727,-264.856,0.660232,0.312
958000,0,5.15947,-264.553,0.126786,0.3315
958500,0,4.16525,-266.107,0.0229812,0.316
959000,0,3.77921,-266.318,1.68697,0.324188
959500,0,5.05218,-265.327,0.745094,0.354
960000,0,4.92568,-264.928,0.0814677,0.335714
960500,0,4.8197,-264.655,0.121597,0.296
961000,0,2.5897,-266.589,1.11213,0.3315
961500,0,4.36735,-267.126,0.0384057,0.254
962000,0,4.041,-268.06,0.131761,0.256
962500,0,4.15896,-269.036,0.0741854,0.286
963000,0,4.54564,-264.9,0.80518,0.296
963500,0,4.35166,-265.408,0.351342,0.322
964000,0,3.98582,-267.484,0.0943149,0.292
964500,0,4.46536,-264.689,0.337765,0.3
965000,0,2.55081,-266.335,2.94931,0.339143
965500,0,4.2372,-265.657,0.464302,0.29
966000,0,4.6547,-264.714,0.391752,0.306
966500,0,5.35269,-264.542,0.109726,0.298
967000,0,4.96075,-264.538,0.0217179,0.302
967500,0,4.50368,-266.665,0.29891,0.324
968000,0,5.22388,-266.51,0.166728,0.316
968500,0,5.54086,-268.978,0.0876047,0.366
969000,0,5.62709,-265.284,0.0785564,0.332889
969500,0,5.30116,-265.515,0.300649,0.318
970000,0,4.81689,-266.326,0.187818,0.3455
970500,0,4.33544,-268.196,0.538591,0.312
971000,0,4.84781,-266.217,0.332174,0.336
971500,0,4.52283,-265.168,0.148729,0.314
972000,0,4.84403,-266.283,0.094385,0.324267
972500,0,4.401,-264.833,0.423829,0.276
973000,0,3.767,-265.612,1.00058,0.317
973500,0,4.35107,-265.617,0.159756,0.292
974000,0,4.11142,-265.756,1.20726,0.3234
974500,0,4.86502,-267.127,0.0415854,0.282
975000,0,3.52658,-265.913,0.498422,0.2885
975500,0,4.61525,-269.457,0.752528,0.322
976000,0,4.84736,-266.474,0.657785,0.2934
976500,0,4.38105,-266.516,0.772974,0.342
977000,0,3.628,-267.347,1.92515,0.299667
977500,0,5.10596,-265.376,0.0169318,0.312
978000,0,5.18004,-265.357,0.175455,0.29
978500,0,5.41985,-265.399,0.176689,0.31
979000,0,4.64334,-264.777,0.431884,0.32125
979500,0,4.6459,-264.79,0.238054,0.328
980000,0,5.10473,-264.499,0.1469,0.312188
980500,0,4.58966,-264.924,0.191947,0.314
981000,0,4.36973,-265.301,0.133603,0.334
981500,0,3.75657,-266.643,0.492824,0.308
982000,0,3.25381,-266.05,0.903213,0.322
982500,0,4.5485,-265.277,0.100384,0.304
983000,0,4.69967,-265.475,0.47471,0.313
983500,0,3.401,-267.879,1.80846,0.312
984000,0,4.93392,-267.402,0.823844,0.337
984500,0,5.05935,-268.593,0.423848,0.312
985000,0,4.98426,-265.729,0.388313,0.298
985500,0,5.02332,-267.592,0.21179,0.322
986000,0,3.84998,-266.007,0.23926,0.3155
986500,0,4.4782,-266.509,0.0742685,0.314
987000,0,5.41736,-266.234,0.0627722,0.3135
987500,0,4.54458,-266.731,0.952947,0.29
988000,0,5.24402,-265.041,0.148941,0.311
988500,0,4.15867,-264.949,0.637031,0.322
989000,0,4.15314,-264.872,0.53676,0.321
989500,0,3.46501,-265.981,0.737996,0.34
990000,0,5.0931,-266.04,0.510595,0.315786
990500,0,4.98285,-264.943,0.609143,0.318
991000,0,5.18744,-265.296,0.139014,0.314
991500,0,5.15599,-265.075,0.0231359,0.356
992000,0,3.82807,-267.406,1.01298,0.329
992500,0,3.40762,-265.213,1.79102,0.342
993000,0,4.83297,-265.144,0.0398451,0.331
993500,0,3.4522,-266.203,1.09756,0.304
994000,0,3.57933,-266.361,0.0288856,0.316375
994500,0,2.07018,-267.774,1.12302,0.3
995000,0,1.89952,-264.772,2.89258,0.303
995500,0,4.02467,-265.247,0.362188,0.336
996000,0,5.72286,-266.243,0.1097,0.309571
996500,0,5.79907,-266.219,0.0407747,0.3
997000,0,5.12862,-266.925,0.488563,0.315
997500,0,3.74849,-267.162,1.56885,0.306
998000,0,4.18516,-266.138,0.302321,0.311333
998500,0,4.83567,-267.674,0.150109,0.294
999000,0,4.98102,-264.972,0.375497,0.284
999500,0,4.83251,-266.64,0.989362,0.336
