generation,N_shifts,logPrior,logLik,eventRate,acceptRate
0,0,4.9575,-266.408,1,0
5,0,4.9575,-266.408,1,0.2
10,0,5.3613,-266.408,0.596201,0.4
15,0,5.44566,-266.408,0.511839,0.333333
20,0,5.38432,-269.445,0.511839,0.35
25,0,5.38432,-269.445,0.511839,0.32
30,0,5.38432,-269.445,0.511839,0.333333
35,0,5.38432,-269.445,0.511839,0.342857
40,0,5.84847,-269.445,0.0476879,0.35
45,0,5.82829,-269.445,0.0678727,0.377778
50,0,5.82829,-269.445,0.0678727,0.36
55,0,5.82829,-269.445,0.0678727,0.363636
60,0,5.8942,-266.429,0.0678727,0.383333
65,0,5.8942,-266.429,0.0678727,0.384615
70,0,5.8942,-266.429,0.0678727,0.4
75,0,5.8942,-266.429,0.0678727,0.386667
80,0,5.48471,-266.429,0.477355,0.375
85,0,5.47057,-266.496,0.477355,0.376471
90,0,5.23912,-266.496,0.708802,0.4
95,0,5.26315,-266.628,0.708802,0.389474
100,0,5.26315,-266.628,0.708802,0.38
105,0,5.67427,-266.628,0.297688,0.380952
110,0,5.66574,-266.443,0.297688,0.381818
115,0,5.33671,-267.695,0.654312,0.391304
120,0,5.5562,-267.934,0.437564,0.391667
125,0,5.92316,-267.934,0.0706076,0.392
130,0,5.43246,-267.934,0.561306,0.392308
135,0,5.79997,-267.934,0.193795,0.392593
140,0,5.79997,-267.934,0.193795,0.378571
145,0,5.7097,-268.815,0.193795,0.386207
150,0,5.7097,-268.815,0.193795,0.373333
155,0,5.74173,-266.85,0.193795,0.367742
160,0,5.7015,-266.85,0.234025,0.36875
165,0,5.783,-266.619,0.188673,0.369697
170,0,5.28697,-266.619,0.684702,0.370588
175,0,5.61102,-266.425,0.342287,0.371429
180,0,5.66961,-266.425,0.283694,0.383333
185,0,5.67758,-266.422,0.283694,0.378378
190,0,5.75341,-266.422,0.207869,0.378947
195,0,5.75341,-266.422,0.207869,0.369231
200,0,5.75352,-266.423,0.207869,0.37
205,0,5.71757,-266.423,0.243815,0.380488
210,0,5.71757,-266.423,0.243815,0.37619
215,0,5.61671,-266.423,0.344675,0.381395
220,0,5.58552,-266.423,0.375863,0.381818
225,0,5.59267,-266.534,0.375863,0.382222
230,0,4.35497,-266.534,1.61357,0.378261
235,0,4.35497,-266.534,1.61357,0.378723
240,0,4.87582,-266.534,1.09271,0.375
245,0,5.4439,-267.505,0.544729,0.37551
250,0,5.4439,-267.505,0.544729,0.368
255,0,5.45115,-267.505,0.537477,0.364706
260,0,5.00298,-267.505,0.985647,0.365385
265,0,5.16949,-267.505,0.819135,0.366038
270,0,5.16949,-267.505,0.819135,0.359259
275,0,5.83958,-267.505,0.149044,0.36
280,0,5.8349,-266.422,0.126318,0.360714
285,0,5.5414,-266.422,0.419821,0.364912
290,0,5.86549,-266.435,0.0867403,0.368966
295,0,5.86549,-266.435,0.0867403,0.366102
300,0,5.86549,-266.435,0.0867403,0.37
305,0,5.86274,-266.47,0.0867403,0.367213
310,0,5.86274,-266.47,0.0867403,0.364516
315,0,5.84964,-266.084,0.0867403,0.361905
320,0,5.29854,-265.924,0.63091,0.3625
325,0,5.29854,-265.924,0.63091,0.356923
330,0,5.29854,-265.924,0.63091,0.351515
335,0,4.99073,-265.924,0.938724,0.352239
340,0,5.78837,-265.924,0.141083,0.352941
345,0,5.74912,-265.924,0.180332,0.350725
350,0,5.75623,-265.924,0.173222,0.351429
355,0,5.57674,-265.924,0.352709,0.349296
360,0,5.55493,-265.924,0.374526,0.352778
365,0,5.14593,-265.924,0.783527,0.350685
370,0,5.11054,-266.254,0.783527,0.356757
375,0,5.4772,-266.254,0.41686,0.354667
380,0,5.46101,-266.254,0.433052,0.355263
385,0,5.46101,-266.254,0.433052,0.350649
390,0,5.44417,-266.971,0.433052,0.351282
395,0,5.1842,-266.971,0.693021,0.351899
400,0,5.1842,-266.971,0.693021,0.3525
405,0,5.1842,-266.971,0.693021,0.350617
410,0,5.23239,-265.868,0.693021,0.35122
415,0,5.23239,-265.868,0.693021,0.346988
420,0,5.28681,-265.868,0.638595,0.345238
425,0,4.20522,-265.868,1.72019,0.345882
430,0,5.38893,-265.868,0.536481,0.346512
435,0,5.38893,-265.868,0.536481,0.342529
440,0,5.38893,-265.868,0.536481,0.340909
445,0,5.54942,-265.989,0.383299,0.34382
450,0,5.54942,-265.989,0.383299,0.34
455,0,5.56419,-265.989,0.368531,0.342857
460,0,5.47761,-265.856,0.446514,0.343478
465,0,5.47761,-265.856,0.446514,0.339785
470,0,5.47761,-265.856,0.446514,0.340426
475,0,5.33837,-265.856,0.585754,0.338947
480,0,5.64845,-268.785,0.200824,0.341667
485,0,5.7473,-266.558,0.200824,0.340206
490,0,5.7473,-266.558,0.200824,0.336735
495,0,5.7473,-266.558,0.200824,0.335354
500,0,5.60789,-266.558,0.340236,0.336
505,0,5.60789,-266.558,0.340236,0.2
510,0,5.73202,-266.558,0.216101,0.5
515,0,5.72787,-266.707,0.154756,0.533333
520,0,5.38805,-266.707,0.494577,0.5
525,0,5.38805,-266.707,0.494577,0.4
530,0,5.75362,-266.707,0.129009,0.433333
535,0,5.05868,-266.707,0.82394,0.457143
540,0,5.72289,-266.707,0.159737,0.475
545,0,4.91964,-266.707,0.962981,0.488889
550,0,5.54594,-265.847,0.377106,0.5
555,0,5.54594,-265.847,0.377106,0.509091
560,0,4.94051,-265.847,0.98253,0.5
565,0,4.94051,-265.847,0.98253,0.461538
570,0,4.94051,-265.847,0.98253,0.428571
575,0,5.23283,-265.847,0.690212,0.413333
580,0,5.23283,-265.847,0.690212,0.4
585,0,5.23283,-265.847,0.690212,0.376471
590,0,5.12161,-265.847,0.801433,0.377778
595,0,5.11502,-265.837,0.801433,0.378947
600,0,5.12658,-265.837,0.789874,0.38
605,0,5.60821,-265.837,0.308244,0.371429
610,0,4.20168,-265.837,1.71478,0.372727
615,0,5.56739,-265.837,0.34906,0.365217
620,0,5.80292,-265.837,0.113531,0.358333
625,0,5.84372,-265.837,0.0727313,0.352
630,0,5.88102,-265.837,0.0354363,0.361538
635,0,5.5195,-265.837,0.396954,0.362963
640,0,5.68315,-265.837,0.233308,0.357143
645,0,5.68315,-265.837,0.233308,0.351724
650,0,5.38145,-265.837,0.535006,0.346667
655,0,5.59802,-265.837,0.318439,0.36129
660,0,5.59802,-265.837,0.318439,0.3625
665,0,5.59802,-265.837,0.318439,0.357576
670,0,5.30701,-266.543,0.640818,0.364706
675,0,5.27354,-265.847,0.640818,0.365714
680,0,5.51297,-265.847,0.401396,0.372222
685,0,5.7596,-265.847,0.154763,0.367568
690,0,5.746,-266.061,0.154763,0.368421
695,0,5.51338,-266.061,0.387385,0.369231
700,0,5.51338,-266.061,0.387385,0.365
705,0,4.88171,-266.061,1.01905,0.365854
710,0,3.69442,-266.061,2.20634,0.366667
715,0,3.69647,-266.013,2.20634,0.367442
720,0,3.69647,-266.013,2.20634,0.372727
725,0,3.69647,-266.013,2.20634,0.364444
730,0,3.70115,-265.924,2.20634,0.365217
735,0,5.29756,-265.924,0.609928,0.374468
740,0,5.24736,-265.924,0.66013,0.375
745,0,5.24736,-265.924,0.66013,0.371429
750,0,5.24736,-265.924,0.66013,0.368
755,0,5.55705,-265.924,0.350441,0.368627
760,0,5.7844,-265.924,0.123094,0.369231
765,0,5.54821,-265.924,0.35928,0.369811
770,0,5.79404,-265.924,0.113451,0.377778
775,0,5.79404,-265.924,0.113451,0.374545
780,0,5.79404,-265.924,0.113451,0.367857
785,0,5.79404,-265.924,0.113451,0.364912
790,0,5.717,-265.841,0.198329,0.368966
795,0,5.11426,-265.841,0.801077,0.366102
800,0,5.34614,-265.841,0.569193,0.366667
805,0,5.34614,-265.841,0.569193,0.360656
810,0,5.34614,-265.841,0.569193,0.354839
815,0,5.3576,-265.841,0.557729,0.35873
820,0,5.2622,-265.841,0.653135,0.365625
825,0,5.26712,-265.841,0.648216,0.369231
830,0,5.59625,-265.841,0.319078,0.366667
835,0,5.73132,-265.841,0.184013,0.364179
840,0,5.73132,-265.841,0.184013,0.361765
845,0,4.94327,-267.366,1.01718,0.362319
850,0,5.69715,-267.698,0.167502,0.362857
855,0,5.71283,-267.698,0.151816,0.360563
860,0,5.71824,-267.698,0.14641,0.361111
865,0,5.71824,-267.698,0.14641,0.361644
870,0,5.59207,-265.857,0.320925,0.364865
875,0,5.17368,-265.857,0.739316,0.370667
880,0,5.63191,-265.857,0.281085,0.368421
885,0,4.2686,-265.857,1.6444,0.368831
890,0,5.30939,-265.857,0.603607,0.371795
895,0,5.3217,-265.867,0.603607,0.372152
900,0,5.29843,-266.03,0.603607,0.3725
905,0,5.17547,-266.03,0.726561,0.375309
910,0,5.17547,-266.03,0.726561,0.370732
915,0,5.17547,-266.03,0.726561,0.371084
920,0,5.17547,-266.03,0.726561,0.366667
925,0,4.52561,-266.03,1.37643,0.364706
930,0,4.52561,-266.03,1.37643,0.362791
935,0,5.40605,-266.03,0.495985,0.367816
940,0,5.40605,-266.03,0.495985,0.363636
945,0,5.40605,-266.03,0.495985,0.364045
950,0,5.40605,-266.03,0.495985,0.364444
955,0,5.39222,-266.03,0.509811,0.364835
960,0,5.39222,-266.03,0.509811,0.363043
965,0,5.56015,-266.03,0.341883,0.363441
970,0,5.60545,-266.03,0.296586,0.365957
975,0,5.60545,-266.03,0.296586,0.366316
980,0,5.799,-266.03,0.103038,0.36875
985,0,5.799,-266.03,0.103038,0.364948
990,0,5.799,-266.03,0.103038,0.363265
995,0,5.85479,-266.03,0.0472423,0.365657
1000,0,5.85402,-266.03,0.04802,0.366
1005,0,5.85402,-266.03,0.04802,0.4
1010,0,5.85402,-266.03,0.04802,0.3
1015,0,5.81349,-266.03,0.0885427,0.266667
1020,0,5.81349,-266.03,0.0885427,0.25
1025,0,5.47374,-266.03,0.428298,0.32
1030,1,10.9051,-265.796,0.428298,0.333333
1035,1,10.9126,-265.796,0.42079,0.342857
1040,1,10.8385,-265.444,0.59701,0.4
1045,1,10.7778,-265.687,0.59701,0.422222
1050,1,11.3962,-265.303,0.242691,0.48
1055,1,9.65897,-265.261,1.97992,0.509091
1060,1,9.65897,-265.238,1.97992,0.516667
1065,1,9.65456,-265.219,1.97992,0.507692
1070,1,9.65456,-265.219,1.97992,0.485714
1075,1,9.65456,-265.184,1.97992,0.493333
1080,1,9.65456,-265.184,1.97992,0.4625
1085,1,10.7453,-265.185,0.889218,0.458824
1090,1,10.814,-265.687,0.889218,0.477778
1095,1,10.8121,-265.717,0.889218,0.473684
1100,1,10.8121,-265.717,0.889218,0.5
1105,0,4.13869,-266.03,1.76335,0.504762
1110,0,4.13869,-266.03,1.76335,0.5
1115,0,4.13869,-266.03,1.76335,0.478261
1120,0,4.98231,-266.03,0.919723,0.466667
1125,0,4.98231,-266.03,0.919723,0.456
1130,0,4.87389,-266.03,1.02815,0.446154
1135,0,4.11727,-266.612,1.83187,0.444444
1140,0,4.22701,-266.551,1.72097,0.442857
1145,0,4.21734,-266.551,1.73065,0.441379
1150,0,4.60506,-266.551,1.34292,0.44
1155,0,4.60506,-266.551,1.34292,0.445161
1160,0,4.60506,-266.551,1.34292,0.4375
1165,0,4.59717,-266.205,1.34292,0.430303
1170,0,4.59717,-266.205,1.34292,0.417647
1175,0,5.49358,-266.205,0.446507,0.434286
1180,0,5.60677,-266.103,0.330274,0.433333
1185,0,5.76641,-266.103,0.170629,0.432432
1190,0,5.10484,-266.103,0.832206,0.431579
1195,0,5.05702,-266.428,0.832206,0.430769
1200,0,5.05702,-266.428,0.832206,0.43
1205,0,5.09746,-265.927,0.832206,0.42439
1210,0,5.79838,-265.929,0.131417,0.42381
1215,0,5.39365,-265.929,0.536141,0.427907
1220,0,5.3805,-265.836,0.536141,0.427273
1225,0,5.3805,-265.836,0.536141,0.431111
1230,0,4.4892,-265.836,1.42744,0.426087
1235,0,4.4892,-265.836,1.42744,0.417021
1240,0,5.54999,-266.016,0.352698,0.425
1245,0,5.54999,-266.016,0.352698,0.42449
1250,0,5.54999,-266.016,0.352698,0.416
1255,0,5.51845,-265.463,0.352698,0.415686
1260,0,5.78676,-265.463,0.0843867,0.415385
1265,0,5.55373,-265.42,0.307407,0.415094
1270,0,5.55373,-265.42,0.307407,0.411111
1275,0,5.83384,-266.324,0.0655792,0.410909
1280,0,5.86885,-266.324,0.0305687,0.410714
1285,0,5.83482,-265.423,0.0305687,0.410526
1290,0,5.85024,-266.042,0.0432348,0.413793
1295,0,5.85024,-266.042,0.0432348,0.410169
1300,0,5.85024,-266.042,0.0432348,0.403333
1305,0,5.85024,-266.042,0.0432348,0.4
1310,0,5.58978,-266.042,0.303691,0.406452
1315,0,5.58978,-266.042,0.303691,0.403175
1320,0,4.63009,-266.042,1.26339,0.40625
1325,0,5.64055,-265.901,0.249394,0.406154
1330,0,5.38345,-265.901,0.506493,0.406061
1335,0,5.38345,-265.901,0.506493,0.402985
1340,0,5.70299,-265.901,0.186944,0.4
1345,0,5.79715,-265.901,0.0927879,0.397101
1350,0,5.79715,-265.901,0.0927879,0.397143
1355,0,5.79715,-265.901,0.0927879,0.397183
1360,0,5.24244,-265.901,0.647502,0.394444
1365,0,5.24244,-265.901,0.647502,0.391781
1370,0,5.60374,-265.901,0.286203,0.391892
1375,0,5.42814,-265.901,0.461796,0.394667
1380,0,5.70515,-265.901,0.184791,0.397368
1385,0,5.74931,-265.901,0.140631,0.394805
1390,0,5.74931,-265.901,0.140631,0.394872
1395,0,5.75068,-265.953,0.140631,0.392405
1400,0,5.75068,-265.953,0.140631,0.395
1405,0,5.78002,-267.855,0.140631,0.395062
1410,0,5.64366,-268.401,0.140631,0.395122
1415,0,5.64366,-268.401,0.140631,0.395181
1420,0,5.32666,-266.37,0.493682,0.395238
1425,0,5.32666,-266.37,0.493682,0.392941
1430,0,4.47551,-266.37,1.34483,0.393023
1435,0,5.34041,-266.37,0.479924,0.393103
1440,0,5.34041,-266.37,0.479924,0.393182
1445,0,5.65011,-266.37,0.17023,0.391011
1450,0,5.67847,-266.37,0.141869,0.388889
1455,0,5.72187,-265.419,0.141869,0.389011
1460,0,5.72187,-265.419,0.141869,0.384783
1465,0,5.5002,-265.419,0.36354,0.382796
1470,0,5.5002,-265.419,0.36354,0.378723
1475,0,5.5002,-265.419,0.36354,0.374737
1480,0,5.5002,-265.419,0.36354,0.375
1485,0,5.5002,-265.419,0.36354,0.375258
1490,0,5.67817,-265.419,0.185573,0.37551
1495,0,5.67817,-265.419,0.185573,0.371717
1500,0,5.69338,-267.19,0.110286,0.374
1505,0,5.29373,-267.19,0.50993,0.4
1510,0,5.29373,-267.19,0.50993,0.3
1515,0,5.31692,-267.19,0.486741,0.4
1520,0,5.71223,-267.19,0.0914288,0.45
1525,0,5.33424,-267.19,0.469427,0.48
1530,0,5.33424,-267.19,0.469427,0.433333
1535,0,5.64226,-267.237,0.16055,0.457143
1540,0,5.31767,-266.363,0.582487,0.5
1545,0,5.26564,-265.54,0.582487,0.466667
1550,0,5.46921,-265.54,0.378914,0.48
1555,0,4.19503,-265.54,1.65309,0.454545
1560,0,4.19503,-265.54,1.65309,0.433333
1565,0,4.19503,-265.54,1.65309,0.415385
1570,0,5.34242,-265.54,0.505704,0.414286
1575,0,5.34242,-265.54,0.505704,0.386667
1580,0,5.30006,-266.795,0.511078,0.3875
1585,0,5.77636,-266.795,0.0347769,0.388235
1590,0,5.77636,-266.795,0.0347769,0.377778
1595,0,5.89327,-266.4,0.00756328,0.389474
1600,0,5.87589,-266.4,0.0249449,0.39
1605,0,5.82467,-266.4,0.076164,0.390476
1610,0,5.65096,-265.796,0.185647,0.4
1615,0,5.65096,-265.796,0.185647,0.382609
1620,0,5.65096,-265.796,0.185647,0.366667
1625,0,5.65096,-265.796,0.185647,0.36
1630,0,5.74943,-265.796,0.087177,0.369231
1635,0,5.47127,-265.796,0.365338,0.37037
1640,0,5.71883,-265.796,0.117779,0.371429
1645,0,5.70695,-265.796,0.129654,0.37931
1650,0,5.62569,-265.796,0.210918,0.38
1655,0,5.52327,-265.796,0.313333,0.374194
1660,0,5.67334,-265.796,0.163271,0.36875
1665,0,5.72978,-266.024,0.163271,0.363636
1670,0,2.92904,-266.024,2.96402,0.376471
1675,0,2.92904,-266.024,2.96402,0.371429
1680,0,2.92904,-266.024,2.96402,0.372222
1685,0,2.92904,-266.024,2.96402,0.362162
1690,0,2.92904,-266.024,2.96402,0.352632
1695,0,2.93161,-266.137,2.96402,0.353846
1700,0,4.21896,-266.137,1.67666,0.35
1705,0,4.21896,-266.137,1.67666,0.341463
1710,0,5.65728,-268.772,0.272233,0.347619
1715,0,5.65728,-268.772,0.272233,0.339535
1720,0,5.82718,-265.587,0.0519013,0.35
1725,0,5.82718,-265.587,0.0519013,0.346667
1730,0,5.82718,-265.587,0.0519013,0.343478
1735,0,5.82718,-265.587,0.0519013,0.340426
1740,0,5.83243,-265.717,0.0519013,0.3375
1745,0,5.68382,-265.717,0.200514,0.338776
1750,0,5.30427,-265.717,0.580059,0.34
1755,0,5.70706,-265.592,0.172261,0.34902
1760,0,4.81523,-265.592,1.06409,0.357692
1765,0,5.58003,-265.592,0.299292,0.362264
1770,0,5.58003,-265.592,0.299292,0.359259
1775,0,5.58003,-265.592,0.299292,0.352727
1780,0,4.67296,-265.592,1.20636,0.357143
1785,0,5.32072,-265.592,0.5586,0.357895
1790,0,5.44552,-265.592,0.433801,0.358621
1795,0,5.47363,-265.592,0.405694,0.362712
1800,0,5.47363,-265.592,0.405694,0.366667
1805,0,5.10657,-265.592,0.772748,0.367213
1810,0,5.10657,-265.592,0.772748,0.36129
1815,0,5.10657,-265.592,0.772748,0.35873
1820,0,5.10657,-265.592,0.772748,0.353125
1825,0,4.5457,-265.592,1.33362,0.353846
1830,0,4.5457,-265.592,1.33362,0.351515
1835,0,4.55213,-265.759,1.33362,0.352239
1840,0,4.55213,-265.759,1.33362,0.355882
1845,0,5.40488,-265.759,0.480858,0.353623
1850,0,5.32316,-267.17,0.480858,0.351429
1855,0,5.50592,-264.942,0.0888933,0.35493
1860,0,5.50592,-264.942,0.0888933,0.352778
1865,0,5.50592,-264.942,0.0888933,0.350685
1870,0,4.99553,-264.942,0.59928,0.351351
1875,0,4.93444,-264.819,0.59928,0.349333
1880,0,4.93444,-264.819,0.59928,0.344737
1885,0,4.93444,-264.819,0.59928,0.342857
1890,0,5.02489,-264.819,0.50883,0.34359
1895,0,5.32493,-264.819,0.208786,0.346835
1900,0,4.26414,-264.819,1.26958,0.3475
1905,0,4.74999,-264.819,0.783729,0.350617
1910,0,4.57746,-264.819,0.956261,0.35122
1915,0,4.57746,-264.819,0.956261,0.349398
1920,0,4.58973,-264.668,0.956261,0.352381
1925,0,5.33571,-264.668,0.210283,0.350588
1930,0,5.40286,-264.668,0.143131,0.351163
1935,0,5.40286,-264.668,0.143131,0.351724
1940,0,5.40286,-264.668,0.143131,0.35
1945,0,5.40286,-264.668,0.143131,0.346067
1950,0,5.12917,-264.668,0.416826,0.346667
1955,0,4.9292,-264.668,0.616793,0.345055
1960,0,5.32158,-264.668,0.224417,0.345652
1965,0,5.41109,-264.668,0.134899,0.346237
1970,0,5.34644,-264.668,0.199549,0.344681
1975,0,5.16943,-265.376,0.440909,0.345263
1980,0,5.34451,-265.376,0.265827,0.345833
1985,0,5.41627,-264.637,0.157555,0.348454
1990,0,5.48897,-264.637,0.0848564,0.34898
1995,0,5.43093,-265.176,0.0848564,0.349495
2000,0,4.23312,-265.165,0.0868941,0.36082
2005,0,3.7596,-265.165,0.560417,0.4
2010,0,4.00802,-265.407,0.401102,0.5
2015,0,4.00802,-265.407,0.401102,0.466667
2020,0,4.07761,-266.693,0.401102,0.5
2025,0,4.07761,-266.693,0.401102,0.4
2030,0,4.07761,-266.693,0.401102,0.4
2035,0,4.07761,-266.693,0.401102,0.428571
2040,0,4.07761,-266.693,0.401102,0.375
2045,0,4.23635,-266.693,0.242356,0.4
2050,0,4.23635,-266.693,0.242356,0.36
2055,0,4.25924,-266.693,0.219473,0.345455
2060,0,4.33424,-266.693,0.144466,0.333333
2065,0,4.06035,-265.627,0.366179,0.353846
2070,0,3.43163,-265.096,0.917848,0.357143
2075,0,3.43163,-265.096,0.917848,0.333333
2080,0,3.43163,-265.096,0.917848,0.3125
2085,0,3.48256,-265.321,0.917848,0.317647
2090,0,3.48256,-265.321,0.917848,0.3
2095,0,3.48256,-265.321,0.917848,0.305263
2100,0,3.77115,-265.321,0.629261,0.31
2105,0,4.33084,-265.321,0.0695673,0.314286
2110,0,4.33084,-265.321,0.0695673,0.309091
2115,0,4.33084,-265.321,0.0695673,0.313043
2120,0,4.33084,-265.321,0.0695673,0.308333
2125,0,3.91189,-265.321,0.488516,0.32
2130,0,3.91189,-265.321,0.488516,0.307692
2135,0,3.91189,-265.321,0.488516,0.296296
2140,0,3.94107,-265.321,0.459336,0.3
2145,0,3.94457,-265.321,0.455839,0.296552
2150,0,3.94457,-265.321,0.455839,0.3
2155,0,4.28762,-265.321,0.112845,0.309677
2160,0,4.25779,-265.321,0.142671,0.3125
2165,0,4.25779,-265.321,0.142671,0.309091
2170,0,3.58686,-265.321,0.813598,0.311765
2175,0,3.25192,-265.321,1.14854,0.32
2180,0,3.55838,-265.321,0.842083,0.316667
2185,0,3.55838,-265.321,0.842083,0.313514
2190,0,3.55838,-265.321,0.842083,0.305263
2195,0,3.55838,-265.321,0.842083,0.307692
2200,0,4.27079,-265.321,0.129673,0.305
2205,0,4.27079,-265.321,0.129673,0.297561
2210,0,4.06196,-265.321,0.338504,0.295238
2215,0,3.19546,-265.321,1.205,0.297674
2220,0,3.19546,-265.321,1.205,0.295455
2225,0,3.75547,-265.321,0.644995,0.297778
2230,0,4.02244,-265.321,0.378026,0.295652
2235,0,3.93317,-265.211,0.378026,0.302128
2240,0,4.25665,-265.211,0.0545486,0.304167
2245,0,4.25665,-265.211,0.0545486,0.297959
2250,0,4.25665,-265.211,0.0545486,0.3
2255,0,4.25665,-265.211,0.0545486,0.305882
2260,0,4.25665,-265.211,0.0545486,0.3
2265,0,3.71672,-265.211,0.594472,0.30566
2270,0,4.07967,-265.211,0.231525,0.307407
2275,0,4.26224,-265.149,0.112396,0.312727
2280,0,3.7862,-265.149,0.588434,0.310714
2285,0,3.7862,-265.149,0.588434,0.308772
2290,0,3.87339,-265.149,0.501245,0.313793
2295,0,4.0856,-265.149,0.289028,0.311864
2300,0,4.32186,-265.346,0.0813028,0.313333
2305,0,4.23713,-265.346,0.16604,0.314754
2310,0,4.11308,-265.346,0.290089,0.322581
2315,0,4.04048,-265.125,0.290089,0.32381
2320,0,4.04048,-265.125,0.290089,0.321875
2325,0,4.04048,-265.125,0.290089,0.32
2330,0,4.00074,-265.125,0.329828,0.324242
2335,0,3.84217,-265.125,0.488405,0.325373
2340,0,3.79006,-265.125,0.54051,0.326471
2345,0,2.24432,-265.125,2.08625,0.327536
2350,0,2.24432,-265.125,2.08625,0.328571
2355,0,3.82961,-266.087,0.402838,0.335211
2360,0,4.08747,-266.087,0.144975,0.336111
2365,0,4.10615,-265.809,0.144975,0.336986
2370,0,4.10615,-265.809,0.144975,0.335135
2375,0,3.36785,-269.504,1.18505,0.338667
2380,0,3.36785,-269.504,1.18505,0.336842
2385,0,3.36785,-269.504,1.18505,0.335065
2390,0,3.36785,-269.504,1.18505,0.333333
2395,0,4.12496,-269.504,0.427943,0.331646
2400,0,4.12496,-269.504,0.427943,0.3325
2405,0,4.12496,-269.504,0.427943,0.330864
2410,0,4.10633,-269.504,0.446574,0.329268
2415,0,4.12135,-269.504,0.431551,0.33494
2420,0,4.12135,-269.504,0.431551,0.330952
2425,0,4.0368,-269.504,0.516105,0.331765
2430,0,4.0368,-269.504,0.516105,0.330233
2435,0,4.0368,-269.504,0.516105,0.331034
2440,0,3.95411,-266.475,0.516105,0.329545
2445,0,3.95411,-266.475,0.516105,0.325843
2450,0,3.95411,-266.475,0.516105,0.324444
2455,0,3.9637,-266.475,0.506516,0.327473
2460,0,3.4006,-265.535,1.01926,0.330435
2465,0,4.02913,-265.535,0.39073,0.331183
2470,0,4.09374,-267.11,0.0847125,0.334043
2475,0,3.9038,-267.11,0.27465,0.338947
2480,0,3.69937,-267.11,0.479087,0.339583
2485,0,3.99529,-265.482,0.420363,0.342268
2490,0,4.1489,-265.482,0.266752,0.340816
2495,0,4.1489,-265.482,0.266752,0.341414
2500,0,4.1489,-265.482,0.266752,0.338
2505,0,4.1489,-265.482,0.266752,0.2
2510,0,3.09837,-265.482,1.31728,0.3
2515,0,3.13865,-266.148,1.31728,0.266667
2520,0,3.85837,-266.148,0.597568,0.25
2525,0,3.31086,-266.148,1.14507,0.24
2530,0,3.57182,-265.592,0.852228,0.3
2535,0,3.59446,-265.963,0.852228,0.314286
2540,0,4.42227,-265.963,0.0244247,0.375
2545,0,4.42227,-265.963,0.0244247,0.333333
2550,0,4.43041,-265.963,0.0162779,0.34
2555,0,3.36122,-265.963,1.08547,0.363636
2560,0,3.36122,-265.963,1.08547,0.333333
2565,0,4.27951,-265.208,0.106278,0.353846
2570,0,4.27951,-265.208,0.106278,0.371429
2575,0,4.27951,-265.208,0.106278,0.36
2580,0,4.10095,-265.208,0.284832,0.3625
2585,0,4.09699,-265.185,0.284832,0.376471
2590,0,4.09699,-265.185,0.284832,0.355556
2595,0,3.97724,-265.185,0.404584,0.357895
2600,0,4.27542,-265.185,0.1064,0.35
2605,0,4.27542,-265.185,0.1064,0.342857
2610,0,4.27542,-265.185,0.1064,0.327273
2615,0,4.27542,-265.185,0.1064,0.321739
2620,0,4.27542,-265.185,0.1064,0.308333
2625,0,3.83669,-265.185,0.545135,0.312
2630,0,4.2337,-265.185,0.148127,0.323077
2635,0,4.35837,-265.185,0.0234513,0.325926
2640,0,4.37328,-265.185,0.00854829,0.321429
2645,0,4.37328,-265.185,0.00854829,0.317241
2650,0,4.36399,-265.185,0.0178314,0.32
2655,0,4.30376,-265.185,0.0780646,0.322581
2660,0,4.1245,-267.216,0.0491142,0.33125
2665,0,4.08355,-265.517,0.191214,0.333333
2670,0,4.08355,-265.517,0.191214,0.329412
2675,0,4.08355,-265.517,0.191214,0.32
2680,0,4.10596,-265.517,0.168804,0.322222
2685,0,3.84228,-265.517,0.43248,0.324324
2690,0,3.84228,-265.517,0.43248,0.326316
2695,0,3.84228,-265.517,0.43248,0.323077
2700,0,3.84228,-265.517,0.43248,0.315
2705,0,3.99142,-265.59,0.43248,0.317073
2710,0,3.99142,-265.59,0.43248,0.309524
2715,0,3.96022,-265.59,0.463689,0.306977
2720,0,3.96022,-265.59,0.463689,0.304545
2725,0,3.96022,-265.59,0.463689,0.302222
2730,0,4.20532,-265.59,0.218588,0.304348
2735,0,4.24471,-266.31,0.218588,0.306383
2740,0,4.23324,-266.063,0.218588,0.308333
2745,0,4.23324,-266.063,0.218588,0.306122
2750,0,4.23324,-266.063,0.218588,0.3
2755,0,4.23324,-266.063,0.218588,0.294118
2760,0,4.15056,-266.063,0.301268,0.292308
2765,0,3.79311,-266.063,0.658713,0.29434
2770,0,4.05116,-266.063,0.400663,0.296296
2775,0,4.39065,-266.063,0.0611783,0.298182
2780,0,4.24768,-266.063,0.204147,0.296429
2785,0,4.37866,-266.063,0.0731658,0.301754
2790,0,4.37866,-266.063,0.0731658,0.3
2795,0,4.37866,-266.063,0.0731658,0.294915
2800,0,4.39719,-266.478,0.0731658,0.296667
2805,0,4.39719,-266.478,0.0731658,0.295082
2810,0,3.58285,-266.478,0.887502,0.296774
2815,0,3.58285,-266.478,0.887502,0.292063
2820,0,3.58285,-266.478,0.887502,0.29375
2825,0,3.58285,-266.478,0.887502,0.292308
2830,0,3.95585,-266.36,0.260476,0.293939
2835,0,3.59534,-266.36,0.620984,0.292537
2840,0,3.59534,-266.36,0.620984,0.294118
2845,0,1.27046,-266.36,2.94587,0.298551
2850,0,3.22356,-266.36,0.992761,0.3
2855,0,3.22356,-266.36,0.992761,0.298592
2860,0,3.9896,-266.197,0.468616,0.302778
2865,0,3.9896,-266.197,0.468616,0.29863
2870,0,3.9896,-266.197,0.468616,0.302703
2875,0,4.16908,-266.197,0.28914,0.306667
2880,0,4.16908,-266.197,0.28914,0.302632
2885,0,4.29357,-266.197,0.164648,0.306494
2890,0,4.3494,-267.818,0.164648,0.307692
2895,0,3.56733,-267.818,0.946719,0.308861
2900,0,4.01447,-265.192,0.368585,0.3125
2905,0,3.90358,-265.192,0.479477,0.311111
2910,0,3.90358,-265.192,0.479477,0.307317
2915,0,3.75178,-266.107,0.479477,0.306024
2920,0,3.75178,-266.107,0.479477,0.302381
2925,0,3.75178,-266.107,0.479477,0.301176
2930,0,3.97567,-266.107,0.255594,0.302326
2935,0,3.97567,-266.107,0.255594,0.303448
2940,0,4.18162,-265.793,0.255594,0.304545
2945,0,4.24325,-265.793,0.193961,0.305618
2950,0,4.24325,-265.793,0.193961,0.306667
2955,0,4.28523,-265.904,0.158286,0.312088
2960,0,4.39452,-265.904,0.0489972,0.31087
2965,0,4.43014,-265.904,0.0133692,0.309677
2970,0,4.43014,-265.904,0.0133692,0.306383
2975,0,4.43014,-265.904,0.0133692,0.305263
2980,0,4.39986,-265.904,0.043653,0.304167
2985,0,4.39986,-265.904,0.043653,0.307216
2990,0,4.41968,-265.904,0.023836,0.308163
2995,0,4.334,-265.904,0.109508,0.309091
3000,0,4.15541,-265.693,0.104432,0.350217
3005,0,4.15541,-265.693,0.104432,0.4
3010,0,4.21597,-265.693,0.0438776,0.5
3015,0,4.21597,-265.693,0.0438776,0.4
3020,0,3.99836,-265.693,0.261489,0.35
3025,0,3.99836,-265.693,0.261489,0.4
3030,0,3.99836,-265.693,0.261489,0.333333
3035,0,3.99836,-265.693,0.261489,0.285714
3040,0,3.27676,-265.693,0.983085,0.3
3045,0,3.42116,-265.357,0.983085,0.288889
3050,0,3.42116,-265.357,0.983085,0.26
3055,0,3.42116,-265.357,0.983085,0.290909
3060,0,3.35787,-265.653,0.983085,0.316667
3065,0,3.35787,-265.653,0.983085,0.307692
3070,0,3.40233,-265.653,0.938629,0.314286
3075,0,3.40233,-265.653,0.938629,0.293333
3080,0,3.40274,-265.653,0.938216,0.3125
3085,0,3.36229,-265.289,0.938216,0.341176
3090,0,4.08848,-265.289,0.212018,0.333333
3095,0,4.06266,-265.289,0.237841,0.357895
3100,0,4.15062,-265.289,0.149886,0.36
3105,0,4.14462,-265.289,0.15588,0.361905
3110,0,3.99351,-265.289,0.306997,0.354545
3115,0,3.30025,-265.289,1.00025,0.347826
3120,0,3.30025,-265.289,1.00025,0.341667
3125,0,3.30025,-265.289,1.00025,0.328
3130,0,2.57554,-265.289,1.72496,0.330769
3135,0,3.96231,-265.289,0.33819,0.340741
3140,0,3.96231,-265.289,0.33819,0.335714
3145,0,2.9962,-265.289,1.3043,0.344828
3150,0,3.47766,-265.551,0.71996,0.346667
3155,0,3.91465,-265.551,0.282968,0.341935
3160,0,3.91465,-265.551,0.282968,0.33125
3165,0,4.07446,-265.551,0.123162,0.327273
3170,0,3.96976,-265.551,0.227865,0.323529
3175,0,3.75919,-265.551,0.438436,0.325714
3180,0,3.75919,-265.551,0.438436,0.322222
3185,0,3.75919,-265.551,0.438436,0.318919
3190,0,3.75919,-265.551,0.438436,0.315789
3195,0,4.01131,-265.268,0.226546,0.323077
3200,0,4.01131,-265.268,0.226546,0.32
3205,0,4.01131,-265.268,0.226546,0.312195
3210,0,4.01131,-265.268,0.226546,0.309524
3215,0,4.01131,-265.268,0.226546,0.316279
3220,0,4.11115,-265.268,0.126709,0.318182
3225,0,4.11115,-265.268,0.126709,0.315556
3230,0,4.19563,-265.448,0.126709,0.313043
3235,0,4.15709,-265.448,0.165252,0.310638
3240,0,4.15709,-265.448,0.165252,0.304167
3245,0,3.83505,-265.448,0.487288,0.306122
3250,0,3.83505,-265.448,0.487288,0.304
3255,0,3.83505,-265.448,0.487288,0.301961
3260,0,3.77203,-265.448,0.550314,0.3
3265,0,3.79765,-265.748,0.550314,0.298113
3270,0,3.85074,-265.748,0.49723,0.3
3275,0,3.64727,-265.748,0.700692,0.301818
3280,0,3.75843,-265.748,0.589533,0.303571
3285,0,3.50768,-267.089,0.589533,0.305263
3290,0,4.00769,-267.089,0.0895218,0.306897
3295,0,4.00769,-267.089,0.0895218,0.301695
3300,0,3.75533,-267.089,0.341876,0.31
3305,0,4.01323,-265.855,0.341876,0.308197
3310,0,3.51659,-265.855,0.83852,0.309677
3315,0,3.43686,-265.855,0.918251,0.307937
3320,0,3.43686,-265.855,0.918251,0.303125
3325,0,4.10928,-265.855,0.245827,0.301538
3330,0,4.06849,-265.855,0.286617,0.3
3335,0,3.4705,-265.291,0.830305,0.301493
3340,0,3.53007,-265.94,0.830305,0.3
3345,0,4.1935,-265.94,0.166873,0.301449
3350,0,4.1935,-265.94,0.166873,0.297143
3355,0,4.1935,-265.94,0.166873,0.301408
3360,0,4.04508,-265.426,0.166873,0.305556
3365,0,3.90293,-265.203,0.367226,0.312329
3370,0,3.90293,-265.203,0.367226,0.308108
3375,0,3.90293,-265.203,0.367226,0.304
3380,0,4.0026,-266.109,0.367226,0.302632
3385,0,4.08654,-265.696,0.0971943,0.303896
3390,0,4.04665,-265.696,0.137086,0.307692
3395,0,3.84134,-265.696,0.342396,0.306329
3400,0,3.84426,-265.664,0.342396,0.31
3405,0,3.84426,-265.664,0.342396,0.306173
3410,0,3.51805,-265.29,0.714995,0.312195
3415,0,3.51805,-265.29,0.714995,0.310843
3420,0,3.51805,-265.29,0.714995,0.307143
3425,0,3.51805,-265.29,0.714995,0.305882
3430,0,3.97392,-265.29,0.259126,0.306977
3435,0,4.12208,-265.29,0.110966,0.305747
3440,0,3.95822,-265.29,0.274831,0.309091
3445,0,3.95822,-265.29,0.274831,0.310112
3450,0,3.95822,-265.29,0.274831,0.306667
3455,0,3.95822,-265.29,0.274831,0.305495
3460,0,2.39543,-265.379,1.82279,0.308696
3465,0,2.47712,-265.48,1.82279,0.311828
3470,0,3.81428,-265.117,0.534037,0.312766
3475,0,3.79888,-265.196,0.534037,0.311579
3480,0,3.79888,-265.196,0.534037,0.314583
3485,0,3.87322,-265.166,0.534037,0.313402
3490,0,2.43536,-265.166,1.97189,0.314286
3495,0,2.46129,-265.166,1.94596,0.313131
3500,0,2.46129,-265.166,1.94596,0.312
3505,0,2.46129,-265.166,1.94596,0.2
3510,0,3.56238,-265.166,0.844875,0.5
3515,0,3.56238,-265.166,0.844875,0.466667
3520,0,3.56238,-265.166,0.844875,0.35
3525,0,4.25659,-265.166,0.150665,0.4
3530,0,3.95454,-265.166,0.452721,0.366667
3535,0,3.95454,-265.166,0.452721,0.371429
3540,0,3.89098,-265.166,0.516281,0.375
3545,0,4.30493,-265.166,0.102328,0.355556
3550,0,3.44146,-265.166,0.965794,0.36
3555,0,3.89986,-265.166,0.507393,0.345455
3560,0,3.89986,-265.166,0.507393,0.333333
3565,0,3.89986,-265.166,0.507393,0.307692
3570,0,4.2577,-265.166,0.149553,0.328571
3575,0,3.93967,-265.166,0.467588,0.333333
3580,0,4.10167,-265.166,0.305589,0.325
3585,0,4.10167,-265.166,0.305589,0.329412
3590,0,4.10167,-265.166,0.305589,0.311111
3595,0,3.99759,-265.446,0.305589,0.315789
3600,0,4.06637,-265.066,0.305589,0.32
3605,0,3.58814,-265.066,0.783818,0.333333
3610,0,2.79338,-265.066,1.57857,0.345455
3615,0,2.86023,-265.451,1.57857,0.33913
3620,0,2.86023,-265.451,1.57857,0.325
3625,0,4.34943,-265.451,0.0893768,0.336
3630,0,4.34943,-265.451,0.0893768,0.330769
3635,0,4.2664,-265.091,0.0893768,0.325926
3640,0,4.34214,-265.091,0.013644,0.328571
3645,0,4.34214,-265.091,0.013644,0.317241
3650,0,4.33817,-265.091,0.0176123,0.32
3655,0,4.25932,-265.091,0.0964583,0.329032
3660,0,4.28782,-265.091,0.0679594,0.33125
3665,0,4.18553,-265.427,0.119462,0.345455
3670,0,4.18553,-265.427,0.119462,0.341176
3675,0,4.05776,-265.427,0.247226,0.342857
3680,0,4.21398,-265.779,0.247226,0.338889
3685,0,3.8073,-265.413,0.62834,0.345946
3690,0,3.8073,-265.413,0.62834,0.347368
3695,0,3.8073,-265.413,0.62834,0.338462
3700,0,3.8073,-265.413,0.62834,0.335
3705,0,3.8073,-265.413,0.62834,0.331707
3710,0,3.625,-266.123,0.62834,0.333333
3715,0,4.01446,-266.123,0.238877,0.334884
3720,0,4.00662,-266.123,0.246714,0.331818
3725,0,3.84232,-266.123,0.411022,0.333333
3730,0,3.84232,-266.123,0.411022,0.330435
3735,0,4.20612,-266.123,0.0472178,0.340426
3740,0,4.01222,-265.544,0.282013,0.341667
3745,0,4.17819,-265.544,0.116038,0.346939
3750,0,3.29712,-265.544,0.997108,0.352
3755,0,3.81935,-265.544,0.47488,0.352941
3760,0,3.89832,-265.544,0.395906,0.35
3765,0,3.89832,-265.544,0.395906,0.343396
3770,0,3.89832,-265.544,0.395906,0.337037
3775,0,3.89832,-265.544,0.395906,0.338182
3780,0,3.89832,-265.544,0.395906,0.335714
3785,0,3.82453,-265.544,0.469699,0.340351
3790,0,3.82453,-265.544,0.469699,0.334483
3795,0,3.82453,-265.544,0.469699,0.332203
3800,0,3.95297,-265.544,0.341264,0.333333
3805,0,3.95297,-265.544,0.341264,0.327869
3810,0,3.98856,-265.544,0.30567,0.325806
3815,0,3.98856,-265.544,0.30567,0.32381
3820,0,3.57826,-265.069,0.801265,0.325
3825,0,4.16899,-265.069,0.210534,0.323077
3830,0,4.16899,-265.069,0.210534,0.318182
3835,0,4.22168,-265.069,0.15784,0.319403
3840,0,4.0628,-266.249,0.183139,0.320588
3845,0,4.0628,-266.249,0.183139,0.321739
3850,0,4.36677,-265.6,0.0831035,0.325714
3855,0,4.33332,-265.6,0.116559,0.326761
3860,0,4.28362,-265.128,0.116559,0.325
3865,0,4.32194,-265.128,0.0782339,0.326027
3870,0,4.32194,-265.128,0.0782339,0.327027
3875,0,4.21113,-265.128,0.189048,0.328
3880,0,4.18634,-265.179,0.223027,0.334211
3885,0,4.32439,-265.179,0.0849766,0.335065
3890,0,4.11888,-265.418,0.186997,0.335897
3895,0,3.88421,-265.418,0.421664,0.334177
3900,0,3.88421,-265.418,0.421664,0.3325
3905,0,3.88421,-265.418,0.421664,0.330864
3910,0,3.8636,-265.654,0.421664,0.334146
3915,0,3.86759,-265.654,0.41767,0.33253
3920,0,4.22264,-265.654,0.0626169,0.333333
3925,0,3.94499,-265.654,0.34027,0.334118
3930,0,3.94499,-265.654,0.34027,0.330233
3935,0,3.94499,-265.654,0.34027,0.328736
3940,0,3.49841,-265.654,0.786857,0.327273
3945,0,3.50291,-265.597,0.786857,0.325843
3950,0,4.27417,-265.369,0.15745,0.326667
3955,0,4.03821,-265.369,0.393409,0.325275
3960,0,4.04408,-265.435,0.393409,0.326087
3965,0,4.25532,-265.435,0.182167,0.329032
3970,0,4.25532,-265.435,0.182167,0.325532
3975,0,3.94984,-265.435,0.487648,0.326316
3980,0,3.12068,-265.435,1.31681,0.325
3985,0,3.99833,-265.435,0.439162,0.323711
3990,0,3.99833,-265.435,0.439162,0.32449
3995,0,3.99833,-265.435,0.439162,0.325253
4000,0,3.97339,-265.2,0.439162,0.326
4005,0,3.97339,-265.2,0.439162,0.2
4010,1,8.30729,-265.415,0.439162,0.3
4015,1,8.75328,-264.474,0.439162,0.266667
4020,1,5.7038,-264.949,2.91975,0.3
4025,1,7.49637,-264.949,1.12718,0.28
4030,1,7.40461,-264.949,1.21893,0.266667
4035,1,7.72332,-264.554,1.21893,0.314286
4040,1,7.72332,-264.42,1.21893,0.3
4045,1,8.89667,-264.917,0.52517,0.333333
4050,1,8.53919,-264.832,0.882645,0.38
4055,1,7.87024,-264.634,0.882645,0.381818
4060,1,7.8821,-265.581,0.418424,0.4
4065,1,7.728,-265.545,0.510705,0.415385
4070,1,5.89205,-264.476,2.89288,0.428571
4075,1,7.9725,-264.517,0.978461,0.466667
4080,1,7.60241,-264.379,0.978461,0.45
4085,1,7.60241,-264.35,0.978461,0.435294
4090,1,8.18197,-265.025,0.978461,0.444444
4095,1,8.23064,-264.313,0.412024,0.452632
4100,1,7.50857,-264.313,1.1341,0.44
4105,1,8.05194,-264.246,1.1341,0.457143
4110,1,7.9714,-264.232,1.1341,0.463636
4115,1,7.9714,-264.232,1.1341,0.452174
4120,1,8.08789,-264.094,1.1341,0.441667
4125,1,8.13322,-264.094,1.08877,0.44
4130,1,7.93318,-264.038,1.08877,0.446154
4135,1,7.61811,-263.861,1.40384,0.459259
4140,1,8.03084,-263.7,0.99111,0.457143
4145,1,7.71491,-264.117,0.711334,0.468966
4150,1,7.79757,-264.054,0.681675,0.466667
4155,1,8.05937,-263.818,0.535198,0.477419
4160,1,8.6685,-263.494,0.535198,0.475
4165,1,8.6685,-263.542,0.535198,0.472727
4170,1,8.698,-263.632,0.535198,0.476471
4175,1,9.17218,-263.681,0.328061,0.48
4180,0,3.85045,-265.233,0.476958,0.483333
4185,0,3.85045,-265.233,0.476958,0.47027
4190,0,4.12118,-265.233,0.206233,0.463158
4195,0,4.12118,-265.233,0.206233,0.45641
4200,0,3.66834,-265.233,0.659073,0.455
4205,0,3.55801,-266.799,0.659073,0.44878
4210,0,3.67526,-265.187,0.659073,0.442857
4215,0,3.76517,-265.187,0.569165,0.44186
4220,0,3.76517,-265.187,0.569165,0.436364
4225,0,3.76517,-265.187,0.569165,0.426667
4230,0,3.76517,-265.187,0.569165,0.421739
4235,0,3.18971,-265.187,1.14463,0.421277
4240,0,3.18971,-265.187,1.14463,0.4125
4245,0,3.18971,-265.187,1.14463,0.408163
4250,0,4.0353,-265.187,0.299038,0.412
4255,0,3.50687,-265.187,0.827463,0.415686
4260,0,3.64711,-266.029,0.827463,0.415385
4265,0,4.18621,-266.029,0.288362,0.418868
4270,0,4.00056,-266.029,0.47401,0.418519
4275,0,4.00056,-266.029,0.47401,0.414545
4280,0,4.14062,-265.066,0.233554,0.414286
4285,0,4.12647,-265.081,0.233554,0.414035
4290,0,4.10866,-266.317,0.379036,0.42069
4295,0,4.10866,-266.317,0.379036,0.423729
4300,0,3.88537,-265.947,0.379036,0.423333
4305,0,3.88537,-265.947,0.379036,0.419672
4310,0,4.05797,-265.947,0.206435,0.416129
4315,0,4.05797,-265.947,0.206435,0.409524
4320,0,4.05797,-265.947,0.206435,0.403125
4325,0,3.83893,-265.947,0.425474,0.4
4330,0,4.06794,-265.947,0.196468,0.409091
4335,0,4.06794,-265.947,0.196468,0.41194
4340,0,3.84448,-265.514,0.452396,0.411765
4345,0,4.11533,-265.514,0.181545,0.411594
4350,0,4.11533,-265.514,0.181545,0.414286
4355,0,4.12069,-265.456,0.181545,0.411268
4360,0,2.89163,-265.456,1.4106,0.411111
4365,0,2.82669,-265.456,1.47554,0.413699
4370,0,4.02857,-265.456,0.273665,0.413514
4375,0,4.12346,-265.114,0.273665,0.413333
4380,0,4.12346,-265.114,0.273665,0.410526
4385,0,2.49769,-265.114,1.89943,0.407792
4390,0,2.57568,-266.04,1.89943,0.407692
4395,0,4.2163,-266.04,0.25881,0.405063
4400,0,4.42018,-266.04,0.0549372,0.4075
4405,0,4.30568,-266.04,0.169433,0.409877
4410,0,4.30568,-266.04,0.169433,0.404878
4415,0,4.12608,-265.93,0.343422,0.407229
4420,0,3.89915,-265.93,0.570352,0.409524
4425,0,4.41267,-265.93,0.0568368,0.411765
4430,0,4.36804,-265.93,0.101464,0.413953
4435,0,4.27028,-265.93,0.19922,0.411494
4440,0,3.70816,-265.93,0.761349,0.413636
4445,0,3.70816,-265.93,0.761349,0.413483
4450,0,3.70816,-265.93,0.761349,0.413333
4455,0,3.77065,-267.626,0.761349,0.413187
4460,0,3.77065,-267.626,0.761349,0.408696
4465,0,4.27591,-265.448,0.162609,0.410753
4470,0,3.95702,-265.448,0.481507,0.408511
4475,0,3.95702,-265.448,0.481507,0.406316
4480,0,3.95702,-265.448,0.481507,0.404167
4485,0,3.41075,-265.448,1.02778,0.404124
4490,0,3.41075,-265.448,1.02778,0.402041
4495,0,3.41075,-265.448,1.02778,0.39798
4500,0,3.41075,-265.448,1.02778,0.396
4505,0,3.41075,-265.448,1.02778,0.4
4510,0,3.41075,-265.448,1.02778,0.2
4515,0,3.41075,-265.448,1.02778,0.133333
4520,0,4.33663,-266.038,0.138344,0.25
4525,0,4.23383,-265.066,0.138344,0.28
4530,0,4.23383,-265.066,0.138344,0.266667
4535,0,3.4762,-265.066,0.895976,0.257143
4540,0,4.18635,-265.066,0.185829,0.275
4545,0,4.30088,-265.518,0.143157,0.311111
4550,0,4.30088,-265.518,0.143157,0.34
4555,0,4.34502,-265.518,0.0990077,0.345455
4560,0,3.92578,-265.518,0.518257,0.366667
4565,0,3.92578,-265.518,0.518257,0.338462
4570,0,4.13885,-265.518,0.305178,0.342857
4575,0,4.13885,-265.518,0.305178,0.346667
4580,0,4.09904,-265.518,0.344997,0.3375
4585,0,4.39318,-265.518,0.050857,0.341176
4590,0,4.39318,-265.518,0.050857,0.333333
4595,0,4.36189,-265.518,0.0821442,0.357895
4600,0,4.37278,-265.518,0.0712478,0.37
4605,0,4.0042,-265.518,0.439833,0.361905
4610,0,4.33862,-265.518,0.105412,0.363636
4615,0,4.37971,-265.518,0.0643237,0.365217
4620,0,4.32662,-265.518,0.117417,0.358333
4625,0,4.32662,-265.518,0.117417,0.352
4630,0,4.40411,-265.518,0.0399259,0.369231
4635,0,4.40411,-265.518,0.0399259,0.362963
4640,0,4.42372,-265.518,0.0203087,0.371429
4645,0,4.40275,-265.518,0.041285,0.372414
4650,0,4.28007,-265.163,0.0584038,0.373333
4655,0,4.28007,-265.163,0.0584038,0.367742
4660,0,4.28007,-265.163,0.0584038,0.3625
4665,0,4.27844,-265.163,0.0600406,0.363636
4670,0,4.121,-265.163,0.217477,0.364706
4675,0,4.121,-265.163,0.217477,0.36
4680,0,4.121,-265.163,0.217477,0.355556
4685,0,4.121,-265.163,0.217477,0.351351
4690,0,4.08294,-265.163,0.255539,0.347368
4695,0,4.08294,-265.163,0.255539,0.338462
4700,0,4.08294,-265.163,0.255539,0.345
4705,0,4.26134,-265.219,0.15384,0.346341
4710,0,4.26134,-265.219,0.15384,0.347619
4715,0,4.40678,-266.41,0.0847947,0.35814
4720,0,4.42891,-266.032,0.0457995,0.363636
4725,0,4.42891,-266.032,0.0457995,0.36
4730,0,4.42891,-266.032,0.0457995,0.352174
4735,0,4.42891,-266.032,0.0457995,0.348936
4740,0,4.37966,-265.306,0.0457995,0.354167
4745,0,4.37966,-265.306,0.0457995,0.35102
4750,0,4.3378,-265.306,0.0876593,0.352
4755,0,4.3378,-265.306,0.0876593,0.352941
4760,0,4.3378,-265.306,0.0876593,0.346154
4765,0,3.99587,-265.306,0.42959,0.343396
4770,0,3.99587,-265.306,0.42959,0.337037
4775,0,3.99587,-265.306,0.42959,0.338182
4780,0,4.30888,-265.306,0.116577,0.342857
4785,0,3.51813,-265.306,0.907326,0.347368
4790,0,3.51813,-265.306,0.907326,0.341379
4795,0,3.51813,-265.306,0.907326,0.338983
4800,0,3.51813,-265.306,0.907326,0.336667
4805,0,3.51813,-265.306,0.907326,0.337705
4810,0,3.51813,-265.306,0.907326,0.335484
4815,0,3.54856,-265.691,0.907326,0.336508
4820,0,4.22554,-266.041,0.249579,0.340625
4825,0,4.22554,-266.041,0.249579,0.338462
4830,0,3.92047,-266.041,0.554656,0.339394
4835,0,4.06407,-266.041,0.411052,0.346269
4840,0,4.06407,-266.041,0.411052,0.341176
4845,0,3.83621,-266.041,0.638916,0.342029
4850,0,3.83621,-266.041,0.638916,0.34
4855,0,3.83621,-266.041,0.638916,0.338028
4860,0,3.83621,-266.041,0.638916,0.336111
4865,0,2.48992,-266.041,1.98521,0.334247
4870,0,2.34234,-266.041,2.13278,0.332432
4875,0,4.12743,-266.041,0.347696,0.333333
4880,0,4.12743,-266.041,0.347696,0.331579
4885,0,4.25138,-266.041,0.223741,0.335065
4890,0,4.23321,-266.041,0.241915,0.333333
4895,0,3.46132,-266.041,1.0138,0.331646
4900,0,4.11936,-266.935,0.391565,0.3325
4905,0,4.41586,-266.935,0.0950608,0.330864
4910,0,4.41586,-266.935,0.0950608,0.329268
4915,0,4.36502,-266.935,0.145907,0.33253
4920,0,4.36502,-266.935,0.145907,0.328571
4925,0,4.34934,-266.935,0.161582,0.329412
4930,0,3.95016,-266.935,0.560761,0.327907
4935,0,3.95016,-266.935,0.560761,0.326437
4940,0,3.9861,-265.068,0.391655,0.329545
4945,0,3.88161,-265.816,0.391655,0.330337
4950,0,3.88161,-265.816,0.391655,0.326667
4955,0,3.99858,-265.09,0.391655,0.327473
4960,0,4.04489,-268.199,0.112696,0.330435
4965,0,3.53954,-268.199,0.618055,0.331183
4970,0,4.23362,-265.142,0.169319,0.331915
4975,0,4.31717,-266.289,0.169319,0.332632
4980,0,4.38924,-266.289,0.0972503,0.33125
4985,0,3.837,-266.289,0.649492,0.329897
4990,0,3.90262,-268.414,0.649492,0.328571
4995,0,4.26054,-268.414,0.291571,0.331313
5000,0,4.38067,-266.004,0.0926316,0.340332
5005,0,3.85466,-266.004,0.618646,0.2
5010,0,3.92207,-267.952,0.618646,0.2
5015,0,4.26299,-267.952,0.277724,0.333333
5020,0,4.2679,-265.067,0.101871,0.4
5025,0,4.27416,-265.067,0.0956086,0.44
5030,0,3.89211,-265.067,0.477661,0.466667
5035,0,3.74639,-265.067,0.623385,0.428571
5040,0,3.74639,-265.067,0.623385,0.425
5045,0,3.74639,-265.067,0.623385,0.4
5050,0,3.84334,-265.067,0.526438,0.38
5055,0,4.36786,-266.39,0.122906,0.4
5060,0,4.34746,-265.946,0.122906,0.416667
5065,0,4.34746,-265.946,0.122906,0.384615
5070,0,3.77181,-265.946,0.698554,0.385714
5075,0,4.32999,-265.946,0.14037,0.386667
5080,0,4.27596,-265.946,0.194398,0.4
5085,0,4.27596,-265.946,0.194398,0.388235
5090,0,4.33652,-265.946,0.133846,0.388889
5095,0,3.05667,-265.946,1.41369,0.4
5100,0,3.05667,-265.946,1.41369,0.4
5105,0,3.05667,-265.946,1.41369,0.390476
5110,0,3.05667,-265.946,1.41369,0.390909
5115,0,3.05667,-265.946,1.41369,0.382609
5120,0,3.05667,-265.946,1.41369,0.375
5125,0,4.17451,-265.946,0.295851,0.376
5130,0,4.22007,-267.087,0.295851,0.376923
5135,0,4.18631,-267.087,0.329611,0.37037
5140,0,2.88224,-267.087,1.63369,0.371429
5145,0,2.88224,-267.087,1.63369,0.365517
5150,0,2.88224,-267.087,1.63369,0.353333
5155,0,2.92393,-268.653,1.63369,0.354839
5160,0,2.54778,-265.078,1.81364,0.3625
5165,0,2.54778,-265.078,1.81364,0.351515
5170,0,3.52889,-265.078,0.832532,0.347059
5175,0,4.13975,-265.078,0.221667,0.354286
5180,0,3.76991,-265.078,0.591509,0.355556
5185,0,3.76991,-265.078,0.591509,0.351351
5190,0,3.76991,-265.078,0.591509,0.342105
5195,0,4.1894,-265.078,0.172023,0.34359
5200,0,3.93996,-265.078,0.421465,0.345
5205,0,3.99449,-265.078,0.366927,0.35122
5210,0,3.80175,-265.078,0.559669,0.352381
5215,0,3.76953,-265.078,0.591888,0.353488
5220,0,3.76953,-265.078,0.591888,0.35
5225,0,3.76953,-265.078,0.591888,0.346667
5230,0,2.59986,-265.078,1.76156,0.347826
5235,0,4.07272,-265.078,0.288702,0.357447
5240,0,4.07272,-265.078,0.288702,0.358333
5245,0,4.28542,-265.078,0.0760061,0.359184
5250,0,4.28542,-265.078,0.0760061,0.356
5255,0,3.27176,-265.078,1.08966,0.356863
5260,0,3.19266,-265.692,1.08966,0.353846
5265,0,4.20072,-265.692,0.0816087,0.354717
5270,0,4.05049,-265.802,0.223764,0.359259
5275,0,4.03792,-265.802,0.236332,0.356364
5280,0,4.03792,-265.802,0.236332,0.353571
5285,0,4.03792,-265.802,0.236332,0.347368
5290,0,3.49105,-265.802,0.783204,0.344828
5295,0,3.47928,-265.802,0.794971,0.349153
5300,0,3.47928,-265.802,0.794971,0.343333
5305,0,3.56761,-265.802,0.70664,0.344262
5310,0,3.78683,-266.457,0.70664,0.345161
5315,0,3.50685,-266.873,0.70664,0.349206
5320,0,3.54789,-266.104,0.70664,0.35
5325,0,3.54789,-266.104,0.70664,0.344615
5330,0,3.54567,-266.104,0.70886,0.342424
5335,0,3.47538,-267.529,0.70886,0.343284
5340,0,3.80988,-267.176,0.70886,0.344118
5345,0,3.80988,-267.176,0.70886,0.344928
5350,0,3.81509,-267.176,0.703651,0.348571
5355,0,3.81509,-267.176,0.703651,0.346479
5360,0,3.75932,-265.81,0.703651,0.347222
5365,0,3.75932,-265.81,0.703651,0.345205
5370,0,3.75932,-265.81,0.703651,0.340541
5375,0,3.13275,-265.81,1.33023,0.341333
5380,0,3.24036,-265.81,1.22262,0.342105
5385,0,3.61921,-265.81,0.843769,0.342857
5390,0,3.59945,-265.507,0.843769,0.34359
5395,0,3.66194,-266.783,0.843769,0.341772
5400,0,3.64286,-266.292,0.843769,0.34
5405,0,3.38967,-266.476,0.843769,0.340741
5410,0,3.71662,-266.476,0.516821,0.341463
5415,0,3.49732,-265.656,0.787769,0.346988
5420,0,3.49732,-265.656,0.787769,0.345238
5425,0,3.49732,-265.656,0.787769,0.345882
5430,0,4.12328,-265.656,0.161809,0.344186
5435,0,3.88959,-265.656,0.395503,0.342529
5440,0,3.9192,-265.656,0.365895,0.343182
5445,0,4.12629,-266.425,0.365895,0.34382
5450,0,4.02787,-265.102,0.365895,0.344444
5455,0,3.68319,-265.4,0.624486,0.345055
5460,0,3.68319,-265.4,0.624486,0.347826
5465,0,4.0873,-265.109,0.308558,0.348387
5470,0,4.0873,-265.109,0.308558,0.346809
5475,0,4.1376,-265.555,0.155732,0.349474
5480,0,3.98645,-265.555,0.306879,0.35
5485,0,4.22788,-265.555,0.0654493,0.352577
5490,0,4.26673,-265.555,0.0266025,0.353061
5495,0,4.07928,-266.806,0.137446,0.355556
5500,0,4.07928,-266.806,0.137446,0.352
5505,0,4.10967,-266.806,0.107057,0.4
5510,0,4.31311,-265.259,0.107057,0.3
5515,0,4.27261,-265.259,0.147558,0.333333
5520,0,4.27261,-265.259,0.147558,0.3
5525,0,4.28476,-265.259,0.135414,0.32
5530,0,4.28476,-265.259,0.135414,0.266667
5535,0,4.28476,-265.259,0.135414,0.257143
5540,0,4.28476,-265.259,0.135414,0.25
5545,0,4.18961,-265.25,0.135414,0.266667
5550,0,4.29154,-265.321,0.135414,0.28
5555,0,4.04831,-265.629,0.403537,0.309091
5560,0,4.04831,-265.629,0.403537,0.316667
5565,0,4.04831,-265.629,0.403537,0.307692
5570,0,4.04831,-265.629,0.403537,0.314286
5575,0,2.95324,-265.629,1.49861,0.333333
5580,0,2.7863,-265.658,1.49861,0.3375
5585,0,2.74681,-266.258,1.49861,0.329412
5590,0,2.74681,-266.258,1.49861,0.322222
5595,0,2.79965,-265.499,1.49861,0.315789
5600,0,2.79965,-265.499,1.49861,0.3
5605,0,2.86302,-265.077,1.49861,0.295238
5610,0,2.86302,-265.077,1.49861,0.290909
5615,0,4.06537,-265.651,0.220084,0.295652
5620,0,3.85454,-265.651,0.430914,0.291667
5625,0,4.23869,-265.651,0.0467576,0.312
5630,0,4.23869,-265.651,0.0467576,0.315385
5635,0,4.23446,-265.651,0.0509899,0.311111
5640,0,4.40611,-265.711,0.0509899,0.314286
5645,0,4.12078,-265.711,0.336319,0.317241
5650,0,4.12078,-265.711,0.336319,0.306667
5655,0,3.2836,-265.711,1.1735,0.303226
5660,0,4.09915,-265.711,0.357945,0.3
5665,0,3.83936,-265.711,0.61774,0.30303
5670,0,3.83936,-265.711,0.61774,0.294118
5675,0,3.83936,-265.711,0.61774,0.291429
5680,0,3.29505,-265.711,1.16205,0.288889
5685,0,3.97912,-265.711,0.477972,0.297297
5690,0,3.83774,-265.326,0.477972,0.294737
5695,0,3.82455,-265.326,0.491157,0.292308
5700,0,3.82455,-265.326,0.491157,0.29
5705,0,3.54994,-265.326,0.765769,0.287805
5710,0,4.07281,-265.326,0.242907,0.285714
5715,0,4.22728,-265.396,0.0808076,0.297674
5720,0,4.22728,-265.396,0.0808076,0.295455
5725,0,3.87952,-265.531,0.565485,0.302222
5730,0,4.33745,-265.531,0.107558,0.304348
5735,0,4.38162,-265.531,0.0633925,0.302128
5740,0,4.27635,-265.531,0.16866,0.304167
5745,0,4.1825,-265.531,0.262509,0.306122
5750,0,4.1825,-265.531,0.262509,0.304
5755,0,4.1825,-265.531,0.262509,0.298039
5760,0,3.57932,-265.18,0.756217,0.3
5765,0,3.94595,-265.148,0.45813,0.30566
5770,0,3.94595,-265.148,0.45813,0.3
5775,0,3.94595,-265.148,0.45813,0.301818
5780,0,4.12523,-265.148,0.278852,0.303571
5785,0,4.20894,-265.148,0.195135,0.308772
5790,0,4.14646,-265.147,0.195135,0.306897
5795,0,3.19037,-265.147,1.15123,0.308475
5800,0,3.19037,-265.147,1.15123,0.31
5805,0,3.19037,-265.147,1.15123,0.311475
5810,0,3.69781,-265.147,0.643792,0.312903
5815,0,3.69781,-265.147,0.643792,0.311111
5820,0,3.69781,-265.147,0.643792,0.309375
5825,0,3.69781,-265.147,0.643792,0.307692
5830,0,3.69781,-265.147,0.643792,0.312121
5835,0,3.85668,-265.542,0.43779,0.313433
5840,0,3.85668,-265.542,0.43779,0.311765
5845,0,3.85668,-265.542,0.43779,0.313043
5850,0,3.85668,-265.542,0.43779,0.308571
5855,0,3.99372,-265.367,0.43779,0.309859
5860,0,4.30203,-265.367,0.12948,0.313889
5865,0,3.98289,-265.367,0.448622,0.312329
5870,0,3.98289,-265.367,0.448622,0.310811
5875,0,4.12402,-265.367,0.307491,0.314667
5880,0,4.12402,-265.367,0.307491,0.313158
5885,0,4.37501,-265.367,0.0565057,0.311688
5890,0,4.19327,-266.183,0.0565057,0.312821
5895,0,4.19327,-266.183,0.0565057,0.311392
5900,0,4.01023,-266.183,0.239553,0.315
5905,0,4.01023,-266.183,0.239553,0.311111
5910,0,4.01023,-266.183,0.239553,0.309756
5915,0,4.01023,-266.183,0.239553,0.308434
5920,0,3.79023,-266.183,0.459546,0.307143
5925,0,3.76982,-266.554,0.459546,0.308235
5930,0,2.86138,-266.554,1.36799,0.311628
5935,0,2.86138,-266.554,1.36799,0.308046
5940,0,3.9789,-266.554,0.250472,0.309091
5945,0,4.12603,-265.067,0.250472,0.310112
5950,0,4.3135,-265.067,0.0630015,0.308889
5955,0,4.34521,-265.067,0.0312913,0.307692
5960,0,4.34521,-265.067,0.0312913,0.304348
5965,0,4.22817,-265.067,0.148331,0.303226
5970,0,3.88981,-265.234,0.52727,0.310638
5975,0,3.80886,-265.177,0.52727,0.311579
5980,0,3.80886,-265.177,0.52727,0.310417
5985,0,3.95827,-265.177,0.377855,0.309278
5990,0,3.95827,-265.177,0.377855,0.308163
5995,0,3.95827,-265.177,0.377855,0.307071
6000,0,3.30924,-265.134,1.03509,0.328286
6005,0,3.30924,-265.134,1.03509,0.2
6010,0,4.16828,-265.134,0.176059,0.2
6015,0,3.64595,-265.134,0.698389,0.333333
6020,0,3.73999,-265.446,0.698389,0.3
6025,0,4.01323,-265.446,0.425142,0.36
6030,0,4.31151,-265.446,0.126863,0.366667
6035,0,3.89386,-266.066,0.582483,0.4
6040,0,3.89386,-266.066,0.582483,0.35
6045,0,3.89386,-266.066,0.582483,0.333333
6050,0,3.89386,-266.066,0.582483,0.32
6055,0,3.89386,-266.066,0.582483,0.309091
6060,0,3.89386,-266.066,0.582483,0.316667
6065,0,3.89386,-266.066,0.582483,0.292308
6070,0,3.89386,-266.066,0.582483,0.314286
6075,0,4.20006,-266.066,0.276286,0.306667
6080,0,4.20006,-266.066,0.276286,0.3
6085,0,4.12442,-266.066,0.351926,0.305882
6090,0,4.30021,-266.066,0.176133,0.3
6095,0,3.78516,-266.066,0.691182,0.294737
6100,0,4.06649,-265.369,0.244411,0.31
6105,0,4.16345,-265.369,0.147453,0.304762
6110,0,4.16345,-265.369,0.147453,0.3
6115,0,4.10805,-265.369,0.202847,0.295652
6120,0,4.10805,-265.369,0.202847,0.3
6125,0,4.10805,-265.369,0.202847,0.288
6130,0,4.10805,-265.369,0.202847,0.276923
6135,0,4.10805,-265.369,0.202847,0.288889
6140,0,4.10805,-265.369,0.202847,0.292857
6145,0,4.40946,-265.985,0.0628761,0.310345
6150,0,4.40946,-265.985,0.0628761,0.313333
6155,0,4.40946,-265.985,0.0628761,0.316129
6160,0,4.40946,-265.985,0.0628761,0.30625
6165,0,4.20899,-265.836,0.0628761,0.309091
6170,0,4.1678,-265.836,0.104064,0.317647
6175,0,4.30224,-265.16,0.104064,0.32
6180,0,4.30224,-265.16,0.104064,0.316667
6185,0,4.30224,-265.16,0.104064,0.318919
6190,0,3.65489,-265.16,0.751411,0.315789
6195,0,4.19179,-266.004,0.281508,0.328205
6200,0,4.19179,-266.004,0.281508,0.32
6205,0,4.3338,-266.004,0.139497,0.321951
6210,0,4.3338,-266.004,0.139497,0.32381
6215,0,3.98544,-266.004,0.487859,0.330233
6220,0,4.0127,-266.641,0.487859,0.327273
6225,0,4.0127,-266.641,0.487859,0.32
6230,0,4.21374,-266.641,0.286821,0.321739
6235,0,3.83931,-266.641,0.661258,0.331915
6240,0,3.83931,-266.641,0.661258,0.333333
6245,0,3.98631,-266.641,0.514251,0.334694
6250,0,4.39486,-266.641,0.105704,0.336
6255,0,4.39486,-266.641,0.105704,0.333333
6260,0,4.45607,-266.641,0.0444905,0.330769
6265,0,4.45607,-266.641,0.0444905,0.332075
6270,0,4.19843,-266.641,0.302134,0.333333
6275,0,4.19843,-266.641,0.302134,0.334545
6280,0,4.42136,-266.641,0.079204,0.335714
6285,0,4.0349,-266.641,0.465664,0.34386
6290,0,4.0349,-266.641,0.465664,0.337931
6295,0,4.0349,-266.641,0.465664,0.338983
6300,0,3.77342,-266.372,0.465664,0.336667
6305,0,3.77342,-266.372,0.465664,0.331148
6310,0,3.77342,-266.372,0.465664,0.332258
6315,0,3.30082,-266.372,0.93827,0.330159
6320,0,2.06981,-266.372,2.16928,0.33125
6325,0,2.06981,-266.372,2.16928,0.332308
6330,0,0.858957,-266.372,3.38013,0.333333
6335,0,2.33811,-266.372,1.90098,0.334328
6340,0,2.33811,-266.372,1.90098,0.329412
6345,0,2.33811,-266.372,1.90098,0.330435
6350,0,3.40214,-266.372,0.836942,0.328571
6355,0,3.72427,-266.372,0.514814,0.329577
6360,0,4.04446,-266.372,0.194622,0.330556
6365,0,4.1303,-265.251,0.194622,0.328767
6370,0,3.16546,-265.251,1.15946,0.327027
6375,0,3.16546,-265.251,1.15946,0.322667
6380,0,3.95214,-265.539,0.493432,0.323684
6385,0,3.95214,-265.539,0.493432,0.319481
6390,0,3.95214,-265.539,0.493432,0.315385
6395,0,3.82595,-265.539,0.61962,0.318987
6400,0,3.82595,-265.539,0.61962,0.315
6405,0,3.43109,-265.539,1.01448,0.316049
6410,0,3.43109,-265.539,1.01448,0.314634
6415,0,4.06337,-265.539,0.382199,0.315663
6420,0,4.1872,-265.539,0.258369,0.314286
6425,0,4.1872,-265.539,0.258369,0.312941
6430,0,4.1872,-265.539,0.258369,0.309302
6435,0,4.1872,-265.539,0.258369,0.305747
6440,0,3.54598,-265.539,0.899592,0.304545
6445,0,3.55086,-265.608,0.899592,0.305618
6450,0,3.55086,-265.608,0.899592,0.304444
6455,0,3.55086,-265.608,0.899592,0.303297
6460,0,3.38004,-265.728,0.899592,0.304348
6465,0,3.38004,-265.728,0.899592,0.303226
6470,0,3.95032,-265.728,0.329306,0.304255
6475,0,3.75941,-265.728,0.520221,0.307368
6480,0,3.75941,-265.728,0.520221,0.304167
6485,0,3.75941,-265.728,0.520221,0.301031
6490,0,3.31294,-265.728,0.96669,0.302041
6495,0,3.9786,-265.728,0.301029,0.30303
6500,0,4.0585,-265.082,0.301029,0.304
6505,0,4.03797,-265.082,0.321561,0.2
6510,0,4.03797,-265.082,0.321561,0.2
6515,0,4.03797,-265.082,0.321561,0.266667
6520,0,4.26634,-265.082,0.0931894,0.25
6525,0,4.26634,-265.082,0.0931894,0.2
6530,0,4.26634,-265.082,0.0931894,0.2
6535,0,4.29635,-265.088,0.0931894,0.2
6540,0,4.29635,-265.088,0.0931894,0.2
6545,0,3.97696,-265.088,0.412576,0.244444
6550,0,3.49773,-265.088,0.89181,0.24
6555,0,3.49773,-265.088,0.89181,0.254545
6560,0,4.33168,-265.088,0.0578613,0.266667
6565,0,4.27053,-265.493,0.0282232,0.292308
6570,0,4.25795,-265.493,0.0408053,0.314286
6575,0,4.25795,-265.493,0.0408053,0.306667
6580,0,4.25795,-265.493,0.0408053,0.2875
6585,0,4.29296,-265.493,0.00579729,0.282353
6590,0,4.29722,-265.493,0.00153328,0.277778
6595,0,4.184,-267.499,0.00153328,0.294737
6600,0,4.184,-267.499,0.00153328,0.29
6605,0,4.18502,-267.499,0.000504887,0.304762
6610,0,4.18488,-267.499,0.00065159,0.327273
6615,0,4.34064,-265.148,0.000757585,0.33913
6620,0,4.34049,-265.148,0.000903819,0.341667
6625,0,4.34049,-265.148,0.000903819,0.336
6630,0,4.34049,-265.148,0.000903819,0.330769
6635,0,4.33585,-265.148,0.00554042,0.333333
6640,0,4.33585,-265.148,0.00554042,0.328571
6645,0,4.30691,-265.148,0.0344821,0.324138
6650,0,4.30691,-265.148,0.0344821,0.32
6655,0,4.30691,-265.148,0.0344821,0.316129
6660,0,4.30691,-265.148,0.0344821,0.325
6665,0,4.30691,-265.148,0.0344821,0.315152
6670,0,4.29399,-265.338,0.0203433,0.329412
6675,0,4.30755,-265.338,0.00678088,0.331429
6680,0,4.29374,-265.338,0.0205938,0.333333
6685,0,4.29374,-265.338,0.0205938,0.335135
6690,0,4.21021,-265.338,0.104121,0.331579
6695,0,3.95202,-265.338,0.362313,0.333333
6700,0,3.95202,-265.338,0.362313,0.33
6705,0,3.75345,-265.338,0.560884,0.326829
6710,0,3.75345,-265.338,0.560884,0.32381
6715,0,3.75345,-265.338,0.560884,0.32093
6720,0,3.75345,-265.338,0.560884,0.318182
6725,0,3.864,-265.338,0.450331,0.32
6730,0,3.89344,-265.136,0.450331,0.321739
6735,0,4.10129,-265.136,0.242481,0.323404
6740,0,2.9108,-265.136,1.43297,0.325
6745,0,1.83417,-265.136,2.5096,0.330612
6750,0,3.95517,-265.136,0.388595,0.332
6755,0,3.7449,-265.136,0.598871,0.329412
6760,0,3.7449,-265.136,0.598871,0.326923
6765,0,4.09409,-265.096,0.260152,0.328302
6770,0,4.05137,-265.096,0.302876,0.32963
6775,0,4.27411,-265.096,0.0801393,0.330909
6780,0,4.27048,-265.096,0.0837705,0.328571
6785,0,4.27048,-265.096,0.0837705,0.329825
6790,0,3.7829,-265.096,0.571349,0.337931
6795,0,4.03823,-265.096,0.316013,0.335593
6800,0,3.84045,-265.096,0.513801,0.333333
6805,0,3.84045,-265.096,0.513801,0.327869
6810,0,4.05346,-265.096,0.300789,0.332258
6815,0,3.87009,-265.096,0.484152,0.339683
6820,0,3.87009,-265.096,0.484152,0.3375
6825,0,3.87009,-265.096,0.484152,0.338462
6830,0,4.12766,-265.096,0.226587,0.342424
6835,0,3.56837,-265.096,0.785876,0.340299
6840,0,4.17011,-265.096,0.184133,0.341176
6845,0,4.17011,-265.096,0.184133,0.336232
6850,0,3.24684,-265.096,1.10741,0.34
6855,0,3.24684,-265.096,1.10741,0.340845
6860,0,3.20697,-265.337,1.10741,0.341667
6865,0,3.20697,-265.337,1.10741,0.339726
6870,0,3.20697,-265.337,1.10741,0.337838
6875,0,3.20697,-265.337,1.10741,0.336
6880,0,2.94475,-265.337,1.36963,0.336842
6885,0,2.94475,-265.337,1.36963,0.332468
6890,0,2.94475,-265.337,1.36963,0.333333
6895,0,4.10684,-265.337,0.207533,0.336709
6900,0,4.08113,-265.611,0.207533,0.3375
6905,0,4.22874,-265.611,0.0599246,0.338272
6910,0,4.31303,-265.066,0.0599246,0.336585
6915,0,4.20747,-265.066,0.165483,0.337349
6920,0,3.84374,-265.066,0.52922,0.338095
6925,0,3.84374,-265.066,0.52922,0.338824
6930,0,3.84374,-265.066,0.52922,0.34186
6935,0,4.00457,-265.083,0.382736,0.344828
6940,0,3.93558,-265.303,0.382736,0.343182
6945,0,1.53297,-265.303,2.78534,0.34382
6950,0,1.53297,-265.303,2.78534,0.344444
6955,0,1.69777,-266.212,2.78534,0.342857
6960,0,3.79616,-266.212,0.686947,0.345652
6965,0,3.79616,-266.212,0.686947,0.341935
6970,0,4.17973,-266.212,0.303385,0.342553
6975,0,4.17973,-266.212,0.303385,0.338947
6980,0,4.17973,-266.212,0.303385,0.339583
6985,0,4.17973,-266.212,0.303385,0.338144
6990,0,4.396,-266.212,0.0871079,0.340816
6995,0,4.396,-266.212,0.0871079,0.339394
7000,0,4.33957,-265.134,0.0617912,0.318667
7005,0,4.33957,-265.134,0.0617912,0
7010,0,4.33957,-265.134,0.0617912,0
7015,0,4.33957,-265.134,0.0617912,0
7020,0,4.33957,-265.134,0.0617912,0.15
7025,0,4.33957,-265.134,0.0617912,0.16
7030,0,4.37546,-265.134,0.0259074,0.166667
7035,0,4.36669,-265.134,0.0346734,0.171429
7040,0,4.3981,-265.134,0.00326321,0.225
7045,0,4.3981,-265.134,0.00326321,0.266667
7050,0,4.38666,-265.134,0.0147029,0.32
7055,0,4.46189,-265.91,0.0065908,0.327273
7060,0,4.46189,-265.91,0.0065908,0.316667
7065,0,4.37852,-265.086,0.0102514,0.323077
7070,0,4.26993,-265.086,0.118841,0.328571
7075,0,4.26993,-265.086,0.118841,0.306667
7080,0,3.65772,-265.086,0.731054,0.3
7085,0,3.65772,-265.086,0.731054,0.282353
7090,0,3.65772,-265.086,0.731054,0.288889
7095,0,3.3832,-265.086,1.00557,0.284211
7100,0,3.3832,-265.086,1.00557,0.28
7105,0,4.04473,-265.079,0.315879,0.295238
7110,0,4.04473,-265.079,0.315879,0.281818
7115,0,3.68599,-265.071,0.680019,0.286957
7120,0,3.68599,-265.071,0.680019,0.291667
7125,0,4.06662,-265.071,0.299388,0.296
7130,0,4.02006,-265.071,0.345945,0.3
7135,0,4.02006,-265.071,0.345945,0.288889
7140,0,3.49415,-265.133,0.907161,0.292857
7145,0,3.49415,-265.133,0.907161,0.289655
7150,0,2.83309,-265.133,1.56822,0.293333
7155,0,2.83309,-265.133,1.56822,0.283871
7160,0,2.83309,-265.133,1.56822,0.2875
7165,0,2.40886,-265.271,2.01271,0.290909
7170,0,2.40886,-265.271,2.01271,0.288235
7175,0,4.1165,-265.271,0.305064,0.285714
7180,0,4.04468,-265.111,0.305064,0.288889
7185,0,3.83294,-265.111,0.516805,0.297297
7190,0,3.85451,-265.066,0.516805,0.3
7195,0,3.85451,-265.066,0.516805,0.297436
7200,0,3.35036,-265.066,1.02096,0.295
7205,0,3.35036,-265.066,1.02096,0.287805
7210,0,3.30913,-265.066,1.06219,0.295238
7215,0,3.30913,-265.066,1.06219,0.297674
7220,0,3.64413,-265.066,0.727187,0.304545
7225,0,3.64413,-265.066,0.727187,0.302222
7230,0,3.64413,-265.066,0.727187,0.304348
7235,0,3.64413,-265.066,0.727187,0.297872
7240,0,3.6464,-265.066,0.724919,0.3
7245,0,3.6464,-265.066,0.724919,0.297959
7250,0,4.31599,-265.066,0.0553282,0.308
7255,0,4.31599,-265.066,0.0553282,0.305882
7260,0,4.16735,-266.685,0.0553282,0.311538
7265,0,3.83136,-266.685,0.391316,0.316981
7270,1,8.2911,-266.957,1.36756,0.322222
7275,1,8.2911,-266.998,1.36756,0.32
7280,1,9.05123,-266.69,0.51553,0.325
7285,1,8.32017,-266.69,1.24659,0.329825
7290,1,8.32017,-266.631,1.24659,0.331034
7295,1,8.62867,-266.631,0.938089,0.332203
7300,1,8.7469,-265.272,0.938089,0.333333
7305,1,8.55183,-264.995,0.938089,0.337705
7310,1,8.55183,-265.213,0.938089,0.341935
7315,1,8.55183,-265.147,0.938089,0.339683
7320,1,8.71306,-267.919,0.1905,0.346875
7325,1,6.97238,-266.685,1.10965,0.347692
7330,1,6.97238,-266.685,1.10965,0.345455
7335,1,7.19312,-267.73,1.10965,0.343284
7340,1,7.80639,-267.951,0.496377,0.347059
7345,1,8.27417,-265.834,0.496377,0.350725
7350,1,7.14258,-265.923,1.62797,0.357143
7355,1,7.57955,-265.886,1.21741,0.36338
7360,1,7.57955,-265.8,1.21741,0.361111
7365,1,7.57955,-265.646,1.21741,0.358904
7370,1,7.3585,-266.505,1.21741,0.362162
7375,1,7.3585,-266.572,1.21741,0.36
7380,1,7.3585,-266.572,1.21741,0.360526
7385,1,8.00166,-266.438,0.574248,0.363636
7390,1,8.00166,-266.456,0.574248,0.361538
7395,1,6.95162,-266.6,1.62429,0.362025
7400,1,6.95162,-266.397,1.62429,0.365
7405,1,6.95162,-266.397,1.62429,0.362963
7410,1,7.30074,-266.415,1.27516,0.363415
7415,1,7.30074,-266.415,1.27516,0.359036
7420,1,7.30074,-266.415,1.27516,0.354762
7425,1,7.30074,-266.505,1.27516,0.355294
7430,1,7.30074,-266.402,1.27516,0.353488
7435,1,7.30074,-266.438,1.27516,0.356322
7440,1,6.39043,-265.175,1.79122,0.361364
7445,1,7.474,-266.246,1.38019,0.366292
7450,1,7.31034,-265.529,1.38019,0.366667
7455,1,6.3139,-265.552,1.71106,0.367033
7460,1,7.61307,-265.521,0.411889,0.367391
7465,1,7.31669,-265.575,0.411889,0.369892
7470,1,7.02403,-265.562,0.704553,0.370213
7475,1,6.40879,-267.311,1.10802,0.372632
7480,1,6.87589,-267.078,0.640919,0.377083
7485,1,6.90797,-267.109,0.60884,0.37732
7490,1,5.99685,-267.109,1.51996,0.377551
7495,1,6.26018,-267.205,1.25663,0.379798
7500,1,6.72515,-265.787,1.25663,0.382
7505,1,7.09166,-266.415,1.08931,0.6
7510,1,6.77364,-265.558,1.08931,0.5
7515,0,3.34185,-265.364,1.08931,0.466667
7520,0,3.34185,-265.364,1.08931,0.4
7525,0,1.1877,-265.364,3.24346,0.4
7530,0,3.8873,-265.364,0.543865,0.4
7535,0,3.50604,-265.364,0.925124,0.4
7540,0,4.12517,-265.364,0.305994,0.4
7545,0,4.19215,-265.364,0.239007,0.4
7550,0,3.8113,-265.364,0.619863,0.4
7555,0,3.8113,-265.364,0.619863,0.363636
7560,0,3.79719,-265.233,0.619863,0.366667
7565,0,3.21388,-265.233,1.20317,0.384615
7570,0,3.21388,-265.233,1.20317,0.357143
7575,0,4.01467,-265.233,0.402381,0.373333
7580,0,4.01467,-265.233,0.402381,0.35
7585,0,3.87362,-265.233,0.543431,0.341176
7590,0,4.01762,-265.233,0.399429,0.344444
7595,0,3.97344,-265.066,0.399429,0.336842
7600,0,3.5722,-265.091,0.818395,0.35
7605,0,4.11382,-265.091,0.27678,0.352381
7610,0,3.28059,-265.342,1.14853,0.372727
7615,0,4.08344,-265.342,0.345677,0.365217
7620,0,3.97576,-265.278,0.345677,0.375
7625,0,4.0435,-265.087,0.345677,0.376
7630,0,4.0435,-265.087,0.345677,0.369231
7635,0,3.53506,-265.087,0.854115,0.362963
7640,0,3.86042,-265.087,0.528757,0.357143
7645,0,3.86042,-265.087,0.528757,0.358621
7650,0,3.91257,-265.483,0.528757,0.36
7655,0,3.91257,-265.483,0.528757,0.348387
7660,0,4.1374,-265.483,0.303922,0.35
7665,0,4.1374,-265.483,0.303922,0.345455
7670,0,4.12705,-265.362,0.303922,0.352941
7675,0,2.50613,-265.362,1.92484,0.348571
7680,0,2.50613,-265.362,1.92484,0.344444
7685,0,3.31861,-265.362,1.11236,0.351351
7690,0,3.39066,-266.708,1.11236,0.363158
7695,0,3.39066,-266.708,1.11236,0.353846
7700,0,4.3318,-266.708,0.171227,0.35
7705,0,4.46257,-266.708,0.0404559,0.35122
7710,0,4.40428,-266.708,0.0987412,0.352381
7715,0,4.40428,-266.708,0.0987412,0.344186
7720,0,4.33509,-265.393,0.0987412,0.340909
7725,0,4.33509,-265.393,0.0987412,0.337778
7730,0,4.33509,-265.393,0.0987412,0.334783
7735,0,4.33509,-265.393,0.0987412,0.331915
7740,0,4.22383,-265.393,0.209998,0.333333
7745,0,4.22383,-265.393,0.209998,0.326531
7750,0,4.22383,-265.393,0.209998,0.324
7755,0,4.22383,-265.393,0.209998,0.321569
7760,0,4.27006,-265.393,0.163771,0.326923
7765,0,4.27006,-265.393,0.163771,0.328302
7770,0,4.3207,-265.393,0.113128,0.32963
7775,0,4.17708,-265.393,0.256755,0.334545
7780,0,4.12998,-265.393,0.303847,0.332143
7785,0,3.52447,-265.393,0.909359,0.333333
7790,0,3.55879,-265.393,0.875045,0.334483
7795,0,3.55879,-265.393,0.875045,0.335593
7800,0,4.27052,-265.393,0.163314,0.343333
7805,0,4.27052,-265.393,0.163314,0.340984
7810,0,4.27052,-265.393,0.163314,0.33871
7815,0,4.09435,-265.393,0.339481,0.342857
7820,0,3.68788,-265.393,0.74595,0.340625
7825,0,3.68788,-265.393,0.74595,0.338462
7830,0,3.68788,-265.393,0.74595,0.336364
7835,0,3.68217,-265.078,0.703238,0.340299
7840,0,4.22541,-265.078,0.159997,0.344118
7845,0,4.22541,-265.078,0.159997,0.342029
7850,0,3.89594,-265.078,0.489461,0.342857
7855,0,3.89594,-265.078,0.489461,0.340845
7860,0,3.89594,-265.078,0.489461,0.336111
7865,0,3.89594,-265.078,0.489461,0.334247
7870,0,3.89594,-265.078,0.489461,0.332432
7875,0,3.89594,-265.078,0.489461,0.330667
7880,0,3.89594,-265.078,0.489461,0.334211
7885,0,3.89594,-265.078,0.489461,0.34026
7890,0,3.89594,-265.078,0.489461,0.338462
7895,0,3.89594,-265.078,0.489461,0.336709
7900,0,4.21783,-265.078,0.167569,0.3375
7905,0,3.66258,-265.078,0.722827,0.338272
7910,0,3.66258,-265.078,0.722827,0.336585
7915,0,4.04534,-265.078,0.340068,0.342169
7920,0,4.17857,-265.078,0.206831,0.342857
7925,0,4.26076,-265.078,0.124647,0.345882
7930,0,4.26076,-265.078,0.124647,0.344186
7935,0,4.26076,-265.078,0.124647,0.342529
7940,0,4.2727,-265.078,0.112704,0.343182
7945,0,3.77567,-265.402,0.531843,0.34382
7950,0,3.78568,-265.31,0.531843,0.342222
7955,0,3.19863,-265.31,1.11889,0.340659
7960,0,4.16637,-265.096,0.187689,0.345652
7965,0,3.41742,-265.096,0.936635,0.344086
7970,0,3.41742,-265.096,0.936635,0.340426
7975,0,3.41742,-265.096,0.936635,0.336842
7980,0,3.41742,-265.096,0.936635,0.335417
7985,0,4.06483,-265.096,0.289225,0.336082
7990,0,4.06483,-265.096,0.289225,0.334694
7995,0,4.03926,-265.096,0.314797,0.335354
8000,0,2.97109,-265.096,1.38297,0.336
8005,0,3.57426,-265.096,0.779798,0.6
8010,0,3.57426,-265.096,0.779798,0.4
8015,0,3.57426,-265.096,0.779798,0.333333
8020,0,3.57426,-265.096,0.779798,0.3
8025,0,3.76203,-265.096,0.592027,0.36
8030,0,3.76203,-265.096,0.592027,0.333333
8035,0,3.64596,-265.096,0.708097,0.342857
8040,0,3.97197,-265.096,0.382086,0.325
8045,0,4.11861,-266.645,0.382086,0.311111
8050,0,4.11861,-266.645,0.382086,0.3
8055,0,3.80696,-266.645,0.693736,0.309091
8060,0,4.18277,-266.645,0.317923,0.316667
8065,0,4.18277,-266.645,0.317923,0.307692
8070,0,2.7063,-266.645,1.79439,0.314286
8075,0,4.25384,-266.645,0.246847,0.32
8080,0,3.71403,-265.413,0.72157,0.3375
8085,0,3.71403,-265.413,0.72157,0.329412
8090,0,3.5957,-265.312,0.72157,0.344444
8095,0,3.5957,-265.312,0.72157,0.326316
8100,0,3.01774,-265.312,1.29953,0.32
8105,0,3.8551,-265.312,0.462176,0.333333
8110,0,3.8551,-265.312,0.462176,0.327273
8115,0,4.01777,-266.142,0.462176,0.321739
8120,0,3.25841,-266.142,1.22154,0.325
8125,0,3.25841,-266.142,1.22154,0.32
8130,0,3.25841,-266.142,1.22154,0.307692
8135,0,3.06034,-265.698,1.22154,0.311111
8140,0,3.24298,-265.838,1.22154,0.314286
8145,0,4.15096,-265.838,0.31356,0.310345
8150,0,3.75961,-266.999,0.447978,0.313333
8155,0,3.75961,-266.999,0.447978,0.309677
8160,0,4.03575,-266.225,0.447978,0.3125
8165,0,4.03575,-266.225,0.447978,0.309091
8170,0,3.32522,-266.389,0.912888,0.311765
8175,0,3.32522,-266.389,0.912888,0.308571
8180,0,3.32522,-266.389,0.912888,0.311111
8185,0,3.94851,-266.389,0.289598,0.313514
8190,0,3.81705,-266.389,0.421063,0.310526
8195,0,3.81705,-266.389,0.421063,0.302564
8200,0,4.09866,-266.389,0.139445,0.3
8205,0,4.32897,-265.466,0.111068,0.302439
8210,0,4.3628,-266.46,0.1308,0.309524
8215,0,4.3628,-266.46,0.1308,0.306977
8220,0,4.10612,-266.46,0.387474,0.318182
8225,0,3.84975,-266.406,0.387474,0.32
8230,0,3.84975,-266.406,0.387474,0.317391
8235,0,3.08652,-266.406,1.1507,0.314894
8240,0,3.67105,-266.406,0.566176,0.3125
8245,0,3.85461,-266.406,0.382615,0.310204
8250,0,4.02353,-266.406,0.213693,0.308
8255,0,4.06393,-265.066,0.311178,0.313725
8260,0,4.06622,-265.196,0.345795,0.319231
8265,0,4.01768,-265.111,0.378482,0.320755
8270,0,4.01768,-265.111,0.378482,0.322222
8275,0,4.01768,-265.111,0.378482,0.316364
8280,0,1.8456,-265.111,2.55056,0.314286
8285,0,1.8456,-265.111,2.55056,0.308772
8290,0,3.10644,-265.213,1.30786,0.313793
8295,0,3.31079,-268.427,0.838249,0.318644
8300,0,3.31079,-268.427,0.838249,0.323333
8305,0,4.05275,-268.427,0.0962847,0.331148
8310,0,4.19203,-265.11,0.158106,0.33871
8315,0,3.9484,-265.11,0.401728,0.342857
8320,0,3.93605,-265.167,0.401728,0.34375
8325,0,3.0569,-265.167,1.28088,0.341538
8330,0,4.10471,-265.167,0.233074,0.342424
8335,0,4.10471,-265.167,0.233074,0.343284
8340,0,4.00955,-265.167,0.328227,0.344118
8345,0,4.00955,-265.167,0.328227,0.33913
8350,0,4.00955,-265.167,0.328227,0.337143
8355,0,3.24282,-265.167,1.09496,0.338028
8360,0,3.24282,-265.167,1.09496,0.333333
8365,0,3.24282,-265.167,1.09496,0.334247
8370,0,3.24282,-265.167,1.09496,0.32973
8375,0,3.24282,-265.167,1.09496,0.328
8380,0,3.89811,-265.167,0.439669,0.328947
8385,0,3.828,-265.167,0.509779,0.327273
8390,0,3.828,-265.167,0.509779,0.333333
8395,0,3.98254,-265.167,0.355244,0.334177
8400,0,3.88973,-265.167,0.44805,0.3325
8405,0,3.89067,-265.162,0.44805,0.330864
8410,0,3.8468,-265.162,0.491923,0.329268
8415,0,3.8468,-265.162,0.491923,0.327711
8420,0,3.88677,-265.069,0.491923,0.328571
8425,0,4.2247,-265.069,0.15399,0.329412
8430,0,3.49226,-265.069,0.886434,0.330233
8435,0,4.29115,-265.069,0.0875425,0.331034
8440,0,4.29115,-265.069,0.0875425,0.327273
8445,0,4.35759,-265.069,0.0211,0.32809
8450,0,4.35759,-265.069,0.0211,0.326667
8455,0,4.36093,-265.072,0.0211,0.325275
8460,0,4.38241,-265.145,0.0211,0.326087
8465,0,4.39553,-265.145,0.00797502,0.329032
8470,0,4.39553,-265.145,0.00797502,0.32766
8475,0,4.39553,-265.145,0.00797502,0.328421
8480,0,4.37193,-265.145,0.0315758,0.329167
8485,0,4.29208,-265.145,0.111423,0.329897
8490,0,3.14154,-265.145,1.26197,0.334694
8495,0,3.16648,-265.335,1.26197,0.333333
8500,0,3.78927,-265.335,0.639174,0.334
8505,0,3.59722,-265.335,0.831219,0.4
8510,0,3.62984,-265.777,0.831219,0.4
8515,0,3.49432,-265.246,0.831219,0.4
8520,0,2.79332,-265.246,1.53221,0.35
8525,0,2.79332,-265.246,1.53221,0.28
8530,0,2.49307,-265.246,1.83246,0.266667
8535,0,4.10015,-265.246,0.225388,0.314286
8540,0,4.09695,-265.246,0.228593,0.325
8545,0,3.96189,-265.246,0.36365,0.355556
8550,0,3.96189,-265.246,0.36365,0.34
8555,0,3.96189,-265.246,0.36365,0.309091
8560,0,3.96189,-265.246,0.36365,0.283333
8565,0,4.26775,-265.246,0.057793,0.307692
8570,0,4.37459,-265.109,0.0211475,0.314286
8575,0,4.37459,-265.109,0.0211475,0.32
8580,0,4.37667,-265.109,0.0190656,0.3125
8585,0,4.37667,-265.109,0.0190656,0.305882
8590,0,4.38886,-265.109,0.0068725,0.311111
8595,0,4.38122,-265.085,0.0068725,0.326316
8600,0,4.34088,-265.085,0.0472075,0.32
8605,0,4.08688,-265.085,0.301207,0.333333
8610,0,4.08688,-265.085,0.301207,0.318182
8615,0,4.08688,-265.085,0.301207,0.321739
8620,0,4.22941,-265.085,0.158679,0.325
8625,0,2.83565,-265.085,1.55244,0.336
8630,0,2.83565,-265.085,1.55244,0.338462
8635,0,4.0926,-265.085,0.295488,0.333333
8640,0,3.84979,-265.085,0.538295,0.328571
8645,0,3.84979,-265.085,0.538295,0.324138
8650,0,3.84979,-265.085,0.538295,0.32
8655,0,3.84979,-265.085,0.538295,0.322581
8660,0,4.18947,-265.085,0.19862,0.3375
8665,0,3.35303,-265.085,1.03506,0.345455
8670,0,4.02643,-265.085,0.36166,0.358824
8675,0,4.20635,-265.085,0.181738,0.36
8680,0,4.20674,-265.086,0.181738,0.355556
8685,0,3.92431,-265.086,0.464173,0.351351
8690,0,3.52694,-265.086,0.861534,0.347368
8695,0,3.9529,-265.086,0.435577,0.34359
8700,0,3.9529,-265.086,0.435577,0.345
8705,0,4.27328,-265.086,0.115198,0.346341
8710,0,4.15171,-265.086,0.236766,0.352381
8715,0,4.19262,-265.086,0.19586,0.348837
8720,0,4.25321,-265.086,0.135272,0.345455
8725,0,3.51689,-265.086,0.871585,0.351111
8730,0,4.19852,-265.086,0.189961,0.347826
8735,0,4.19852,-265.086,0.189961,0.348936
8740,0,4.13373,-265.086,0.254753,0.35
8745,0,4.33031,-265.086,0.0581724,0.346939
8750,0,3.96776,-265.086,0.420724,0.348
8755,0,3.93208,-265.1,0.420724,0.345098
8760,0,4.11574,-265.1,0.237064,0.342308
8765,0,4.11574,-265.1,0.237064,0.335849
8770,0,4.30877,-265.095,0.0830049,0.344444
8775,0,4.30877,-265.095,0.0830049,0.338182
8780,0,4.31581,-265.095,0.0759613,0.339286
8785,0,4.26885,-265.095,0.122927,0.34386
8790,0,3.99363,-265.095,0.398146,0.341379
8795,0,3.73454,-265.095,0.657234,0.338983
8800,0,3.73454,-265.095,0.657234,0.34
8805,0,4.2269,-265.095,0.164877,0.337705
8810,0,4.2269,-265.095,0.164877,0.335484
8815,0,3.915,-265.095,0.476778,0.339683
8820,0,3.65252,-265.095,0.739256,0.340625
8825,0,3.55699,-265.521,0.739256,0.338462
8830,0,3.96103,-265.521,0.335211,0.339394
8835,0,3.61479,-265.521,0.681452,0.340299
8840,0,3.61479,-265.521,0.681452,0.341176
8845,0,3.83785,-265.521,0.458389,0.33913
8850,0,3.83785,-265.521,0.458389,0.337143
8855,0,3.42076,-265.521,0.87548,0.335211
8860,0,3.1587,-265.521,1.13754,0.338889
8865,0,3.1587,-265.521,1.13754,0.334247
8870,0,3.18659,-265.257,1.13754,0.335135
8875,0,3.89847,-265.111,0.451384,0.338667
8880,0,3.89847,-265.111,0.451384,0.339474
8885,0,3.89847,-265.111,0.451384,0.335065
8890,0,4.16145,-265.111,0.188397,0.333333
8895,0,4.27646,-265.111,0.0733903,0.331646
8900,0,4.34391,-265.066,0.0295562,0.3375
8905,0,4.34391,-265.066,0.0295562,0.338272
8910,0,4.2965,-265.066,0.0769637,0.339024
8915,0,4.32385,-265.131,0.0769637,0.339759
8920,0,4.27041,-265.131,0.130401,0.342857
8925,0,4.27041,-265.131,0.130401,0.341176
8930,0,4.2783,-265.131,0.122512,0.339535
8935,0,4.2191,-265.131,0.18171,0.342529
8940,0,4.2191,-265.131,0.18171,0.338636
8945,0,4.2191,-265.131,0.18171,0.339326
8950,0,4.12405,-265.582,0.166961,0.342222
8955,0,3.41025,-265.582,0.88076,0.345055
8960,0,3.41025,-265.582,0.88076,0.343478
8965,0,3.41025,-265.582,0.88076,0.341935
8970,0,3.9186,-265.582,0.372415,0.346809
8975,0,3.99636,-265.068,0.372415,0.347368
8980,0,3.99636,-265.068,0.372415,0.34375
8985,0,3.99636,-265.068,0.372415,0.342268
8990,0,3.99636,-265.068,0.372415,0.340816
8995,0,4.19338,-265.068,0.175389,0.341414
9000,0,4.92323,-264.598,0.624266,0.335067
9005,0,4.93753,-264.598,0.609967,0.2
9010,0,4.93753,-264.598,0.609967,0.2
9015,0,4.94014,-264.59,0.609967,0.266667
9020,0,5.05275,-264.59,0.497352,0.3
9025,0,5.03122,-264.768,0.497352,0.32
9030,0,5.03122,-264.768,0.497352,0.266667
9035,0,5.17802,-264.67,0.392823,0.314286
9040,0,5.40801,-264.67,0.162832,0.325
9045,0,5.23024,-264.67,0.340599,0.333333
9050,0,5.22343,-264.67,0.347406,0.34
9055,0,5.22343,-264.67,0.347406,0.327273
9060,0,5.22343,-264.67,0.347406,0.316667
9065,0,5.20465,-264.586,0.347406,0.307692
9070,0,5.33622,-264.586,0.21583,0.314286
9075,0,5.17856,-264.586,0.373488,0.32
9080,0,4.84849,-264.586,0.703558,0.3125
9085,0,4.84849,-264.586,0.703558,0.294118
9090,0,4.84849,-264.586,0.703558,0.3
9095,0,4.84849,-264.586,0.703558,0.294737
9100,0,4.84849,-264.586,0.703558,0.3
9105,0,4.84849,-264.586,0.703558,0.304762
9110,0,4.84849,-264.586,0.703558,0.290909
9115,0,4.84849,-264.586,0.703558,0.304348
9120,0,4.8433,-264.6,0.703558,0.308333
9125,0,4.8433,-264.6,0.703558,0.304
9130,0,5.00058,-264.6,0.546276,0.3
9135,0,4.07736,-264.6,1.4695,0.303704
9140,0,4.78965,-264.6,0.757211,0.3
9145,0,4.78965,-264.6,0.757211,0.289655
9150,0,5.19419,-264.6,0.352667,0.286667
9155,0,5.22019,-264.693,0.352667,0.290323
9160,0,5.4199,-264.693,0.152954,0.2875
9165,0,5.4483,-264.693,0.12456,0.290909
9170,0,5.52672,-264.693,0.0461336,0.288235
9175,0,5.54414,-264.594,0.0156246,0.302857
9180,0,5.61814,-266.846,0.0156246,0.305556
9185,0,5.61814,-266.846,0.0156246,0.308108
9190,0,5.60627,-266.846,0.0274915,0.310526
9195,0,5.60627,-266.846,0.0274915,0.307692
9200,0,5.61884,-266.846,0.0149277,0.315
9205,0,5.6092,-266.846,0.0245598,0.312195
9210,0,5.49081,-267.07,0.146416,0.319048
9215,0,5.44587,-267.07,0.191356,0.316279
9220,0,5.41234,-267.07,0.224881,0.318182
9225,0,5.44872,-267.07,0.188507,0.32
9230,0,5.54432,-267.07,0.092906,0.321739
9235,0,5.37522,-264.869,0.146873,0.32766
9240,0,5.41028,-264.869,0.111807,0.325
9245,0,5.46332,-264.869,0.05877,0.326531
9250,0,5.4354,-264.869,0.0866861,0.324
9255,0,5.51247,-264.869,0.00961697,0.329412
9260,0,5.50608,-264.869,0.0160121,0.330769
9265,0,5.49794,-264.869,0.0241491,0.335849
9270,0,5.49794,-264.869,0.0241491,0.337037
9275,0,5.49794,-264.869,0.0241491,0.330909
9280,0,5.49794,-264.869,0.0241491,0.328571
9285,0,5.42688,-264.869,0.0952114,0.326316
9290,0,5.42688,-264.869,0.0952114,0.32069
9295,0,5.42688,-264.869,0.0952114,0.322034
9300,0,5.42688,-264.869,0.0952114,0.32
9305,0,4.93009,-264.869,0.591997,0.318033
9310,0,4.65492,-264.869,0.867172,0.316129
9315,0,4.65492,-264.869,0.867172,0.31746
9320,0,4.68254,-264.591,0.867172,0.321875
9325,0,4.68254,-264.591,0.867172,0.316923
9330,0,4.68254,-264.591,0.867172,0.315152
9335,0,4.68254,-264.591,0.867172,0.316418
9340,0,4.72518,-265.054,0.867172,0.317647
9345,0,5.40103,-265.054,0.191325,0.315942
9350,0,5.40103,-265.054,0.191325,0.32
9355,0,5.53397,-265.054,0.0583833,0.323944
9360,0,5.53397,-265.054,0.0583833,0.325
9365,0,5.46671,-265.054,0.125643,0.331507
9370,0,5.46671,-265.054,0.125643,0.327027
9375,0,5.47065,-265.161,0.125643,0.328
9380,0,5.49768,-266.245,0.125643,0.331579
9385,0,5.49768,-266.245,0.125643,0.32987
9390,0,5.49768,-266.245,0.125643,0.328205
9395,0,5.49768,-266.245,0.125643,0.326582
9400,0,4.86212,-266.245,0.761208,0.33
9405,0,5.43002,-266.245,0.193304,0.330864
9410,0,5.45609,-264.843,0.126686,0.334146
9415,0,5.31408,-266.294,0.310158,0.33494
9420,0,5.31408,-266.294,0.310158,0.330952
9425,0,5.40322,-266.294,0.221018,0.331765
9430,0,5.28103,-265.431,0.323681,0.334884
9435,0,5.35394,-265.431,0.25077,0.335632
9440,0,5.27177,-264.862,0.25077,0.336364
9445,0,5.1044,-264.862,0.418138,0.337079
9450,0,5.1044,-264.862,0.418138,0.337778
9455,0,5.1044,-264.862,0.418138,0.334066
9460,0,5.1044,-264.862,0.418138,0.330435
9465,0,5.1044,-264.862,0.418138,0.329032
9470,0,5.44298,-264.862,0.0795548,0.329787
9475,0,5.39184,-264.862,0.130699,0.328421
9480,0,5.42955,-264.862,0.092989,0.33125
9485,0,5.03237,-264.862,0.490167,0.334021
9490,0,4.70958,-264.604,0.836377,0.334694
9495,0,2.305,-264.604,3.24096,0.335354
9500,0,2.305,-264.604,3.24096,0.334
9505,0,4.01244,-264.604,1.53351,0.2
9510,0,4.01244,-264.604,1.53351,0.1
9515,0,3.56596,-264.604,1.98,0.133333
9520,0,5.03895,-264.604,0.506999,0.25
9525,0,5.46789,-264.604,0.0780648,0.28
9530,0,5.46789,-264.604,0.0780648,0.233333
9535,0,5.46789,-264.604,0.0780648,0.314286
9540,0,5.40529,-264.604,0.140663,0.375
9545,0,5.33239,-264.604,0.213564,0.377778
9550,0,5.33239,-264.604,0.213564,0.34
9555,0,5.33239,-264.604,0.213564,0.327273
9560,0,4.82752,-264.604,0.718432,0.316667
9565,0,4.82752,-264.604,0.718432,0.292308
9570,0,4.82752,-264.604,0.718432,0.285714
9575,0,4.6287,-264.604,0.91725,0.306667
9580,0,5.11027,-264.604,0.435682,0.3
9585,0,5.11027,-264.604,0.435682,0.294118
9590,0,5.29346,-264.604,0.252494,0.311111
9595,0,5.29346,-264.604,0.252494,0.294737
9600,0,5.56543,-266.229,0.0575862,0.32
9605,0,5.56543,-266.229,0.0575862,0.314286
9610,0,5.3875,-264.602,0.159085,0.327273
9615,0,4.89796,-264.733,0.633268,0.356522
9620,0,4.89796,-264.733,0.633268,0.341667
9625,0,4.89796,-264.733,0.633268,0.328
9630,0,4.89796,-264.733,0.633268,0.315385
9635,0,5.32841,-264.733,0.202814,0.318519
9640,0,4.56982,-264.733,0.961404,0.321429
9645,0,4.56982,-264.733,0.961404,0.310345
9650,0,5.31341,-264.733,0.217818,0.306667
9655,0,5.43307,-264.733,0.098156,0.303226
9660,0,5.34279,-264.733,0.188438,0.3
9665,0,5.34279,-264.733,0.188438,0.29697
9670,0,5.34279,-264.733,0.188438,0.3
9675,0,5.22853,-264.733,0.302695,0.308571
9680,0,5.36731,-264.733,0.163919,0.305556
9685,0,4.57114,-264.733,0.960086,0.308108
9690,0,4.54697,-265.181,0.960086,0.305263
9695,0,4.54697,-265.181,0.960086,0.307692
9700,0,5.18852,-265.181,0.318541,0.31
9705,0,5.17965,-265.181,0.327409,0.317073
9710,0,5.17965,-265.181,0.327409,0.309524
9715,0,5.44135,-265.181,0.0657133,0.311628
9720,0,5.32452,-265.181,0.182541,0.309091
9725,0,5.42136,-265.181,0.0856999,0.311111
9730,0,5.40089,-265.767,0.0856999,0.313043
9735,0,5.40089,-265.767,0.0856999,0.306383
9740,0,5.40089,-265.767,0.0856999,0.308333
9745,0,5.40089,-265.767,0.0856999,0.302041
9750,0,5.49588,-264.821,0.0856999,0.304
9755,0,5.51359,-264.821,0.0679935,0.305882
9760,0,5.3693,-264.821,0.21228,0.303846
9765,0,4.23809,-264.821,1.3435,0.309434
9770,0,5.16856,-264.821,0.413024,0.307407
9775,0,5.16856,-264.821,0.413024,0.301818
9780,0,5.16856,-264.821,0.413024,0.3
9785,0,4.33111,-264.821,1.25047,0.305263
9790,0,4.36747,-265.978,1.25047,0.310345
9795,0,5.42143,-265.978,0.196504,0.311864
9800,0,5.51822,-265.978,0.0997198,0.31
9805,0,5.01108,-264.825,0.570739,0.314754
9810,0,4.25698,-264.764,1.32114,0.316129
9815,0,4.92665,-264.764,0.651466,0.314286
9820,0,5.29216,-264.764,0.285958,0.31875
9825,0,5.29216,-264.764,0.285958,0.313846
9830,0,5.29216,-264.764,0.285958,0.312121
9835,0,5.29216,-264.764,0.285958,0.307463
9840,0,5.39991,-265.003,0.115091,0.308824
9845,0,5.43512,-264.589,0.115091,0.307246
9850,0,4.88539,-264.589,0.664824,0.308571
9855,0,5.00829,-264.589,0.541922,0.312676
9860,0,5.0115,-264.585,0.541922,0.311111
9865,0,5.00875,-264.588,0.541922,0.312329
9870,0,4.35987,-264.588,1.19079,0.313514
9875,0,5.31913,-264.588,0.23154,0.314667
9880,0,4.30798,-264.585,1.2471,0.315789
9885,0,5.3093,-264.585,0.245781,0.316883
9890,0,5.25307,-264.855,0.330368,0.317949
9895,0,5.25307,-264.855,0.330368,0.313924
9900,0,5.55024,-264.855,0.0331906,0.3175
9905,0,5.55816,-264.855,0.025269,0.318519
9910,0,5.56609,-264.855,0.0173482,0.319512
9915,0,5.57668,-264.855,0.00675649,0.320482
9920,0,5.59524,-265.355,0.00725824,0.32381
9925,0,5.59478,-265.355,0.00772091,0.329412
9930,0,5.51705,-265.355,0.0854489,0.332558
9935,0,5.29628,-265.355,0.30622,0.333333
9940,0,5.44191,-265.355,0.160591,0.334091
9945,0,5.42736,-265.355,0.175147,0.332584
9950,0,4.91022,-264.589,0.640152,0.335556
9955,0,4.86714,-265.176,0.640152,0.334066
9960,0,5.09749,-264.728,0.434143,0.334783
9965,0,5.09749,-264.728,0.434143,0.331183
9970,0,5.09749,-264.728,0.434143,0.329787
9975,0,5.09749,-264.728,0.434143,0.328421
9980,0,5.28069,-264.728,0.250941,0.329167
9985,0,4.77108,-264.728,0.760553,0.329897
9990,0,4.83114,-265.037,0.760553,0.332653
9995,0,5.26467,-265.2,0.332957,0.337374
