generation,N_shifts,logPrior,logLik,eventRate,acceptRate
0,0,0.844281,-4883.34,15,0
5,0,1.49777,-4883.34,5.19759,0.2
10,0,1.49777,-4883.34,5.19759,0.1
15,0,1.49777,-4883.34,5.19759,0.0666667
20,0,1.78723,-4883.34,0.855799,0.1
25,0,1.78723,-4883.34,0.855799,0.08
30,0,1.72326,-4883.34,1.81526,0.133333
35,0,1.72326,-4883.34,1.81526,0.114286
40,0,1.80757,-4883.34,0.550664,0.125
45,0,1.80757,-4883.34,0.550664,0.111111
50,0,1.83407,-4883.34,0.153101,0.12
55,0,1.8343,-4883.34,0.149771,0.127273
60,0,1.8343,-4883.34,0.149771,0.116667
65,0,1.83079,-4883.34,0.202428,0.153846
70,0,1.82143,-4883.34,0.342804,0.157143
75,0,1.82143,-4883.34,0.342804,0.146667
80,0,1.82143,-4883.34,0.342804,0.1375
85,0,1.79472,-4883.34,0.743469,0.141176
90,0,1.79315,-4883.35,0.743469,0.144444
95,0,1.79379,-4883.35,0.733854,0.147368
100,0,1.79379,-4883.35,0.733854,0.14
105,0,1.79379,-4883.35,0.733854,0.133333
110,0,1.79379,-4883.35,0.733854,0.127273
115,0,1.79379,-4883.35,0.733854,0.121739
120,0,1.83593,-4883.35,0.101834,0.133333
125,0,1.83593,-4883.35,0.101834,0.128
130,0,1.83593,-4883.35,0.101834,0.123077
135,0,1.81107,-4883.35,0.47472,0.125926
140,0,1.81107,-4883.35,0.47472,0.121429
145,0,1.81107,-4883.35,0.47472,0.117241
150,0,1.81107,-4883.35,0.47472,0.113333
155,0,1.83365,-4883.35,0.13597,0.116129
160,0,1.83365,-4883.35,0.13597,0.1125
165,0,1.83148,-4883.35,0.168514,0.115152
170,0,1.83414,-4883.35,0.128623,0.117647
175,0,1.83414,-4883.35,0.128623,0.114286
180,0,1.83414,-4883.35,0.128623,0.111111
185,0,1.84002,-4883.35,0.0403788,0.118919
190,0,1.83462,-4883.35,0.121519,0.126316
195,0,1.83987,-4883.35,0.0427721,0.128205
200,0,1.84138,-4883.35,0.0201095,0.13
205,0,1.84193,-4883.35,0.0118603,0.131707
210,0,1.84118,-4883.35,0.0230698,0.133333
215,0,1.82945,-4883.35,0.199027,0.139535
220,0,1.82945,-4883.35,0.199027,0.136364
225,0,1.82945,-4883.35,0.199027,0.133333
230,0,1.80953,-4883.35,0.497759,0.13913
235,0,1.81217,-4883.34,0.497759,0.140426
240,0,1.8371,-4883.34,0.123687,0.141667
245,0,1.83063,-4883.34,0.220752,0.142857
250,0,1.83063,-4883.34,0.220752,0.14
255,0,1.83063,-4883.34,0.220752,0.137255
260,0,1.81751,-4884,0.220752,0.138462
265,0,1.80711,-4883.55,0.220752,0.139623
270,0,1.80711,-4883.55,0.220752,0.137037
275,0,1.80711,-4883.55,0.220752,0.134545
280,0,1.80711,-4883.55,0.220752,0.132143
285,0,1.80711,-4883.55,0.220752,0.129825
290,0,1.80711,-4883.55,0.220752,0.127586
295,0,1.77116,-4884.95,0.220752,0.128814
300,0,1.78137,-4884.95,0.0675355,0.13
305,0,1.71385,-4884.95,1.08029,0.134426
310,0,1.71385,-4884.95,1.08029,0.132258
315,0,1.71385,-4884.95,1.08029,0.130159
320,0,1.73891,-4884.95,0.704527,0.13125
325,0,1.7746,-4884.95,0.169179,0.132308
330,0,1.7746,-4884.95,0.169179,0.130303
335,0,1.69429,-4884.95,1.37369,0.134328
340,0,1.70113,-4884.18,1.12733,0.138235
345,0,1.70113,-4884.18,1.12733,0.136232
350,0,1.70113,-4884.18,1.12733,0.134286
355,0,1.70113,-4884.18,1.12733,0.132394
360,0,1.67779,-4884.18,1.47735,0.136111
365,0,1.74928,-4884.18,0.405071,0.136986
370,0,1.77682,-4883.89,0.405071,0.137838
375,0,1.77682,-4883.89,0.405071,0.136
380,0,1.77682,-4883.89,0.405071,0.134211
385,0,1.63883,-4883.89,2.47493,0.135065
390,0,1.63883,-4883.89,2.47493,0.133333
395,0,1.63883,-4883.89,2.47493,0.131646
400,0,1.77719,-4883.89,0.399565,0.135
405,0,1.79343,-4883.89,0.155945,0.135802
410,0,1.79343,-4883.89,0.155945,0.134146
415,0,1.77934,-4883.89,0.367291,0.13494
420,0,1.77934,-4883.89,0.367291,0.133333
425,0,1.65893,-4883.89,2.17338,0.136471
430,0,1.75347,-4883.89,0.755369,0.139535
435,0,1.76214,-4883.47,0.755369,0.14023
440,0,1.722,-4883.47,1.35756,0.140909
445,0,1.78813,-4885.12,0.730584,0.14382
450,0,1.81684,-4883.42,0.730584,0.144444
455,0,1.81646,-4883.41,0.730584,0.145055
460,0,1.84064,-4883.41,0.36786,0.145652
465,0,1.72052,-4883.44,2.06658,0.150538
470,0,1.67961,-4885.41,2.06658,0.151064
475,0,1.78406,-4885.41,0.499824,0.151579
480,0,1.63072,-4885.41,2.7999,0.152083
485,0,1.54078,-4885.41,4.14902,0.152577
490,0,1.54078,-4885.41,4.14902,0.15102
495,0,1.54078,-4885.41,4.14902,0.149495
500,0,1.71319,-4884.18,2.39772,0.152
505,0,1.78495,-4884.18,1.32126,0.2
510,0,1.76427,-4883.35,1.32126,0.2
515,0,1.78269,-4883.35,1.0449,0.2
520,0,1.78269,-4883.35,1.0449,0.15
525,0,1.72038,-4883.35,1.97961,0.16
530,0,1.72038,-4883.35,1.97961,0.133333
535,0,1.72038,-4883.35,1.97961,0.114286
540,0,1.75403,-4883.35,1.47477,0.125
545,0,1.75403,-4883.35,1.47477,0.111111
550,0,1.75403,-4883.35,1.47477,0.1
555,0,1.75403,-4883.35,1.47477,0.0909091
560,0,1.75403,-4883.35,1.47477,0.0833333
565,0,1.80581,-4883.35,0.698161,0.0923077
570,0,1.80581,-4883.35,0.698161,0.0857143
575,0,1.80581,-4883.35,0.698161,0.08
580,0,1.7986,-4883.35,0.806208,0.0875
585,0,1.7986,-4883.35,0.806208,0.0823529
590,0,1.8018,-4883.35,0.758307,0.0888889
595,0,1.84227,-4883.35,0.151194,0.0947368
600,0,1.84227,-4883.35,0.151194,0.09
605,0,1.80873,-4883.35,0.654359,0.0952381
610,0,1.7481,-4883.35,1.56383,0.1
615,0,1.7481,-4883.35,1.56383,0.0956522
620,0,1.74471,-4883.39,1.56383,0.1
625,0,1.74471,-4883.39,1.56383,0.096
630,0,1.74471,-4883.39,1.56383,0.0923077
635,0,1.74471,-4883.39,1.56383,0.0888889
640,0,1.74471,-4883.39,1.56383,0.0857143
645,0,1.74471,-4883.39,1.56383,0.0827586
650,0,1.74471,-4883.39,1.56383,0.08
655,0,1.74471,-4883.39,1.56383,0.0774194
660,0,1.74471,-4883.39,1.56383,0.075
665,0,1.74471,-4883.39,1.56383,0.0727273
670,0,1.71157,-4883.39,2.06099,0.0764706
675,0,1.71157,-4883.39,2.06099,0.0742857
680,0,1.71157,-4883.39,2.06099,0.0722222
685,0,1.71157,-4883.39,2.06099,0.0702703
690,0,1.71157,-4883.39,2.06099,0.0684211
695,0,1.71157,-4883.39,2.06099,0.0666667
700,0,1.65724,-4883.39,2.87599,0.07
705,0,1.65724,-4883.39,2.87599,0.0682927
710,0,1.77111,-4883.39,1.16791,0.0714286
715,0,1.77111,-4883.39,1.16791,0.0697674
720,0,1.77111,-4883.39,1.16791,0.0681818
725,0,1.67903,-4883.39,2.54912,0.08
730,0,1.69643,-4884.13,2.52616,0.0869565
735,0,1.83096,-4884.13,0.508154,0.093617
740,0,1.83096,-4884.13,0.508154,0.0916667
745,0,1.83096,-4884.13,0.508154,0.0897959
750,0,1.84914,-4884.53,0.307414,0.096
755,0,1.84914,-4884.53,0.307414,0.0941176
760,0,1.84914,-4884.53,0.307414,0.0923077
765,0,1.77297,-4884.53,1.4499,0.0943396
770,0,1.81432,-4884.53,0.829685,0.0962963
775,0,1.86068,-4884.53,0.13427,0.0981818
780,0,1.84852,-4884.53,0.31672,0.1
785,0,1.86803,-4884.53,0.0239929,0.105263
790,0,1.86017,-4884.53,0.141973,0.106897
795,0,1.86017,-4884.53,0.141973,0.105085
800,0,1.86017,-4884.53,0.141973,0.103333
805,0,1.85723,-4884.53,0.186007,0.104918
810,0,1.86117,-4884.53,0.126984,0.106452
815,0,1.86117,-4884.53,0.126984,0.104762
820,0,1.86117,-4884.53,0.126984,0.103125
825,0,1.86117,-4884.53,0.126984,0.101538
830,0,1.83671,-4884.53,0.493822,0.10303
835,0,1.83671,-4884.53,0.493822,0.101493
840,0,1.85201,-4884.53,0.264368,0.102941
845,0,1.81278,-4884.53,0.852878,0.104348
850,0,1.81278,-4884.53,0.852878,0.102857
855,0,1.85975,-4884.53,0.148194,0.104225
860,0,1.85975,-4884.53,0.148194,0.102778
865,0,1.86088,-4884.53,0.131243,0.106849
870,0,1.82449,-4883.53,0.131243,0.108108
875,0,1.82449,-4883.53,0.131243,0.106667
880,0,1.82449,-4883.53,0.131243,0.105263
885,0,1.82449,-4883.53,0.131243,0.103896
890,0,1.82889,-4883.53,0.0653091,0.105128
895,0,1.82279,-4883.53,0.156838,0.108861
900,0,1.82279,-4883.53,0.156838,0.1075
905,0,1.80885,-4883.53,0.365855,0.108642
910,0,1.78806,-4885.8,0.279078,0.114634
915,0,1.78806,-4885.8,0.279078,0.113253
920,0,1.82284,-4884.85,0.753253,0.116667
925,0,1.82284,-4884.85,0.753253,0.115294
930,0,1.82284,-4884.85,0.753253,0.113953
935,0,1.82284,-4884.85,0.753253,0.112644
940,0,1.86599,-4885.86,0.753253,0.113636
945,0,1.86599,-4885.86,0.753253,0.11236
950,0,1.81691,-4885.86,1.48947,0.113333
955,0,1.81525,-4882.14,1.48947,0.114286
960,0,1.81525,-4882.14,1.48947,0.113043
965,0,1.89751,-4882.14,0.255673,0.116129
970,0,1.88788,-4882.14,0.400042,0.117021
975,0,1.83186,-4882.14,1.24042,0.117895
980,0,1.81298,-4884.33,1.24042,0.11875
985,0,1.81298,-4884.33,1.24042,0.117526
990,0,1.81298,-4884.33,1.24042,0.116327
995,0,1.74798,-4884.33,2.21536,0.117172
1000,0,1.74798,-4884.33,2.21536,0.116
1005,0,1.8523,-4884.33,0.650614,0.2
1010,0,1.83529,-4884.33,0.905749,0.2
1015,0,1.83529,-4884.33,0.905749,0.133333
1020,0,1.83529,-4884.33,0.905749,0.1
1025,0,1.74682,-4884.33,2.23271,0.16
1030,0,1.71832,-4882.11,2.23271,0.166667
1035,0,1.71832,-4882.11,2.23271,0.142857
1040,0,1.71832,-4882.11,2.23271,0.125
1045,0,1.71832,-4882.11,2.23271,0.111111
1050,0,1.71832,-4882.11,2.23271,0.1
1055,0,1.63116,-4882.11,3.54012,0.109091
1060,0,1.61701,-4882.11,3.75243,0.116667
1065,0,1.78702,-4882.11,1.20228,0.123077
1070,0,1.78702,-4882.11,1.20228,0.114286
1075,0,1.85885,-4882.11,0.124822,0.146667
1080,0,1.8437,-4882.11,0.351976,0.15
1085,0,1.8437,-4882.11,0.351976,0.141176
1090,0,1.8437,-4882.11,0.351976,0.133333
1095,0,1.8437,-4882.11,0.351976,0.126316
1100,0,1.8399,-4882.11,0.409012,0.13
1105,0,1.73837,-4882.59,2.08466,0.142857
1110,0,1.82365,-4882,0.523952,0.154545
1115,0,1.80377,-4882,0.822194,0.156522
1120,0,1.80377,-4882,0.822194,0.15
1125,0,1.73915,-4882,1.79142,0.16
1130,0,1.73915,-4882,1.79142,0.153846
1135,0,1.75262,-4882,1.58944,0.155556
1140,0,1.78494,-4882,1.10458,0.157143
1145,0,1.78494,-4882,1.10458,0.151724
1150,0,1.78494,-4882,1.10458,0.146667
1155,0,1.78494,-4882,1.10458,0.141935
1160,0,1.78494,-4882,1.10458,0.1375
1165,0,1.78494,-4882,1.10458,0.133333
1170,0,1.78494,-4882,1.10458,0.129412
1175,0,1.78494,-4882,1.10458,0.125714
1180,0,1.7459,-4882,1.69023,0.133333
1185,0,1.69533,-4882,2.44875,0.145946
1190,0,1.69725,-4882.52,2.68487,0.152632
1195,0,1.80515,-4882.52,1.06631,0.153846
1200,0,1.63714,-4882.52,3.58648,0.155
1205,0,1.83117,-4882.52,0.676053,0.165854
1210,0,1.80713,-4882.52,1.03663,0.166667
1215,0,1.7131,-4882.52,2.44707,0.167442
1220,0,1.7131,-4882.52,2.44707,0.163636
1225,0,1.77479,-4882.52,1.52179,0.164444
1230,0,1.77479,-4882.52,1.52179,0.16087
1235,0,1.814,-4882.52,0.933577,0.161702
1240,0,1.85802,-4882.52,0.27327,0.1625
1245,0,1.84173,-4882.52,0.517606,0.163265
1250,0,1.84173,-4882.52,0.517606,0.16
1255,0,1.84173,-4882.52,0.517606,0.156863
1260,0,1.75419,-4882.52,1.83067,0.157692
1265,0,1.69963,-4882.52,2.64921,0.158491
1270,0,1.74572,-4882.52,1.95777,0.159259
1275,0,1.85717,-4882.52,0.285967,0.16
1280,0,1.83944,-4882.28,0.483632,0.164286
1285,0,1.83944,-4882.28,0.483632,0.161404
1290,0,1.83944,-4882.28,0.483632,0.158621
1295,0,1.80659,-4882.28,0.976372,0.159322
1300,0,1.80659,-4882.28,0.976372,0.156667
1305,0,1.80659,-4882.28,0.976372,0.154098
1310,0,1.85515,-4882.28,0.247982,0.154839
1315,0,1.86727,-4882.28,0.0661822,0.155556
1320,0,1.84901,-4882.28,0.340088,0.15625
1325,0,1.85579,-4883.27,0.452643,0.16
1330,0,1.85579,-4883.27,0.452643,0.157576
1335,0,1.80369,-4883.27,1.23417,0.158209
1340,0,1.80369,-4883.27,1.23417,0.155882
1345,0,1.84128,-4883.27,0.670421,0.156522
1350,0,1.84128,-4883.27,0.670421,0.154286
1355,0,1.84298,-4883.27,0.644916,0.15493
1360,0,1.84298,-4883.27,0.644916,0.152778
1365,0,1.86432,-4883.27,0.324779,0.153425
1370,0,1.83886,-4883.27,0.706705,0.154054
1375,0,1.70063,-4883.27,2.78007,0.16
1380,0,1.68712,-4882.32,2.78007,0.160526
1385,0,1.52687,-4882.32,5.18371,0.166234
1390,0,1.8245,-4882.32,0.71931,0.166667
1395,0,1.8245,-4882.32,0.71931,0.164557
1400,0,1.8245,-4882.32,0.71931,0.1625
1405,0,1.8245,-4882.32,0.71931,0.160494
1410,0,1.8245,-4882.32,0.71931,0.158537
1415,0,1.8245,-4882.32,0.71931,0.156627
1420,0,1.86067,-4882.32,0.176836,0.157143
1425,0,1.86943,-4882.32,0.0454079,0.157647
1430,0,1.82506,-4882.32,0.710989,0.160465
1435,0,1.82506,-4882.32,0.710989,0.158621
1440,0,1.85935,-4882.32,0.196652,0.159091
1445,0,1.85935,-4882.32,0.196652,0.157303
1450,0,1.85272,-4883.02,0.196652,0.157778
1455,0,1.81802,-4882.43,0.196652,0.158242
1460,0,1.72934,-4882.43,1.52687,0.16087
1465,0,1.72223,-4882.43,1.63355,0.16129
1470,0,1.72223,-4882.43,1.63355,0.159574
1475,0,1.7186,-4882.37,1.63355,0.16
1480,0,1.7186,-4882.37,1.63355,0.158333
1485,0,1.71023,-4882.37,1.75915,0.160825
1490,0,1.79066,-4882.37,0.552644,0.161224
1495,0,1.78559,-4882.37,0.628657,0.161616
1500,0,1.67948,-4882.37,2.22033,0.162
1505,0,1.67948,-4882.37,2.22033,0
1510,0,1.67948,-4882.37,2.22033,0
1515,0,1.67948,-4882.37,2.22033,0
1520,0,1.67948,-4882.37,2.22033,0
1525,0,1.67948,-4882.37,2.22033,0
1530,0,1.6254,-4882.37,3.03164,0.0333333
1535,0,1.6254,-4882.37,3.03164,0.0285714
1540,0,1.63101,-4882.37,2.94741,0.075
1545,0,1.68074,-4882.37,2.20148,0.0888889
1550,0,1.68074,-4882.37,2.20148,0.08
1555,0,1.78912,-4882.37,0.575729,0.0909091
1560,0,1.78912,-4882.37,0.575729,0.0833333
1565,0,1.78912,-4882.37,0.575729,0.0769231
1570,0,1.78912,-4882.37,0.575729,0.0714286
1575,0,1.6914,-4882.37,2.0416,0.08
1580,0,1.59163,-4882.37,3.53812,0.1
1585,0,1.59163,-4882.37,3.53812,0.0941176
1590,0,1.7436,-4882.37,1.25863,0.1
1595,0,1.7436,-4882.37,1.25863,0.0947368
1600,0,1.7436,-4882.37,1.25863,0.09
1605,0,1.69769,-4882.37,1.94728,0.0952381
1610,0,1.69769,-4882.37,1.94728,0.0909091
1615,0,1.69769,-4882.37,1.94728,0.0869565
1620,0,1.69769,-4882.37,1.94728,0.0833333
1625,0,1.74144,-4882.37,1.29103,0.088
1630,0,1.74144,-4882.37,1.29103,0.0846154
1635,0,1.74144,-4882.37,1.29103,0.0814815
1640,0,1.74144,-4882.37,1.29103,0.0785714
1645,0,1.74144,-4882.37,1.29103,0.0758621
1650,0,1.8008,-4882.37,0.400542,0.0866667
1655,0,1.8008,-4882.37,0.400542,0.083871
1660,0,1.8008,-4882.37,0.400542,0.08125
1665,0,1.74238,-4882.37,1.27682,0.0848485
1670,0,1.7489,-4882.37,1.17909,0.0941176
1675,0,1.78715,-4882.37,0.605385,0.0971429
1680,0,1.72033,-4882.37,1.60763,0.1
1685,0,1.72033,-4882.37,1.60763,0.0972973
1690,0,1.72033,-4882.37,1.60763,0.0947368
1695,0,1.72851,-4882.37,1.48489,0.0974359
1700,0,1.72851,-4882.37,1.48489,0.095
1705,0,1.72851,-4882.37,1.48489,0.0926829
1710,0,1.48056,-4882.37,5.20419,0.0952381
1715,0,1.48056,-4882.37,5.20419,0.0930233
1720,0,1.55036,-4882.37,4.1572,0.0954545
1725,0,1.55036,-4882.37,4.1572,0.0933333
1730,0,1.55036,-4882.37,4.1572,0.0913043
1735,0,1.55036,-4882.37,4.1572,0.0893617
1740,0,1.55036,-4882.37,4.1572,0.0875
1745,0,1.55036,-4882.37,4.1572,0.0857143
1750,0,1.55036,-4882.37,4.1572,0.084
1755,0,1.55036,-4882.37,4.1572,0.0823529
1760,0,1.55036,-4882.37,4.1572,0.0807692
1765,0,1.78333,-4882.37,0.662615,0.0830189
1770,0,1.73948,-4882.37,1.32038,0.0851852
1775,0,1.7044,-4882.37,1.84657,0.0872727
1780,0,1.7044,-4882.37,1.84657,0.0857143
1785,0,1.58787,-4882.37,3.59451,0.0877193
1790,0,1.58787,-4882.37,3.59451,0.0862069
1795,0,1.58787,-4882.37,3.59451,0.0847458
1800,0,1.58787,-4882.37,3.59451,0.0833333
1805,0,1.58787,-4882.37,3.59451,0.0819672
1810,0,1.58787,-4882.37,3.59451,0.0806452
1815,0,1.58787,-4882.37,3.59451,0.0793651
1820,0,1.71388,-4883.34,1.45453,0.084375
1825,0,1.78861,-4883.34,0.333619,0.0861538
1830,0,1.79296,-4882.99,0.333619,0.0878788
1835,0,1.79233,-4882.99,0.343045,0.0925373
1840,0,1.79233,-4882.99,0.343045,0.0911765
1845,0,1.79637,-4882.99,0.282397,0.0927536
1850,0,1.79637,-4882.99,0.282397,0.0914286
1855,0,1.79988,-4882.99,0.22973,0.0929577
1860,0,1.79988,-4882.99,0.22973,0.0916667
1865,0,1.79988,-4882.99,0.22973,0.090411
1870,0,1.7553,-4884.37,0.68965,0.0945946
1875,0,1.7553,-4884.37,0.68965,0.0933333
1880,0,1.7553,-4884.37,0.68965,0.0921053
1885,0,1.77398,-4884.37,0.409402,0.0961039
1890,0,1.77398,-4884.37,0.409402,0.0948718
1895,0,1.79561,-4884.37,0.0850828,0.0962025
1900,0,1.79561,-4884.37,0.0850828,0.095
1905,0,1.78026,-4883.88,0.25233,0.0987654
1910,0,1.78026,-4883.88,0.25233,0.097561
1915,0,1.78026,-4883.88,0.25233,0.0963855
1920,0,1.77161,-4883.88,0.382149,0.097619
1925,0,1.68529,-4883.88,1.67695,0.0988235
1930,0,1.53045,-4883.88,3.99955,0.104651
1935,0,1.53045,-4883.88,3.99955,0.103448
1940,0,1.5453,-4882.74,3.99955,0.104545
1945,0,1.66999,-4882.74,2.12929,0.105618
1950,0,1.66959,-4882.74,2.13519,0.106667
1955,0,1.71842,-4882.74,1.40281,0.107692
1960,0,1.74142,-4882.74,1.05774,0.108696
1965,0,1.79623,-4882.74,0.235598,0.109677
1970,0,1.76975,-4882.47,0.753684,0.112766
1975,0,1.79879,-4882.47,0.318138,0.113684
1980,0,1.67744,-4883.12,1.96709,0.116667
1985,0,1.67744,-4883.12,1.96709,0.115464
1990,0,1.72811,-4886.24,0.926257,0.118367
1995,0,1.74399,-4884.92,0.480983,0.121212
2000,0,1.74399,-4884.92,0.480983,0.12
2005,0,1.74399,-4884.92,0.480983,0
2010,0,1.74399,-4884.92,0.480983,0
2015,0,1.74399,-4884.92,0.480983,0
2020,0,1.7706,-4884.92,0.0817284,0.05
2025,0,1.76836,-4884.92,0.11534,0.08
2030,0,1.7673,-4884.92,0.13125,0.1
2035,0,1.74142,-4884.92,0.519396,0.114286
2040,0,1.74142,-4884.92,0.519396,0.1
2045,0,1.76525,-4884.92,0.162074,0.111111
2050,0,1.76525,-4884.92,0.162074,0.1
2055,0,1.72553,-4884.92,0.757833,0.127273
2060,0,1.77196,-4885.02,0.757833,0.133333
2065,0,1.75409,-4883.83,0.757833,0.153846
2070,0,1.79489,-4883.83,0.145869,0.157143
2075,0,1.79489,-4883.83,0.145869,0.146667
2080,0,1.79489,-4883.83,0.145869,0.1375
2085,0,1.79489,-4883.83,0.145869,0.129412
2090,0,1.79376,-4883.83,0.162882,0.133333
2095,0,1.63143,-4883.83,2.59784,0.168421
2100,0,1.62842,-4883.83,2.64293,0.17
2105,0,1.62842,-4883.83,2.64293,0.161905
2110,0,1.62842,-4883.83,2.64293,0.154545
2115,0,1.62842,-4883.83,2.64293,0.147826
2120,0,1.62842,-4883.83,2.64293,0.141667
2125,0,1.59533,-4883.83,3.13935,0.152
2130,0,1.59533,-4883.83,3.13935,0.146154
2135,0,1.68428,-4883.83,1.80502,0.148148
2140,0,1.78295,-4883.83,0.324971,0.15
2145,0,1.78295,-4883.83,0.324971,0.144828
2150,0,1.78295,-4883.83,0.324971,0.14
2155,0,1.67807,-4883.83,1.89816,0.141935
2160,0,1.67807,-4883.83,1.89816,0.1375
2165,0,1.7824,-4883.83,0.333297,0.139394
2170,0,1.77783,-4883.83,0.401768,0.147059
2175,0,1.7363,-4883.57,0.942018,0.16
2180,0,1.7343,-4883.9,0.942018,0.161111
2185,0,1.74441,-4882.6,0.942018,0.162162
2190,0,1.74441,-4882.6,0.942018,0.157895
2195,0,1.74441,-4882.6,0.942018,0.153846
2200,0,1.76558,-4882.6,0.624416,0.155
2205,0,1.7727,-4882.6,0.517579,0.156098
2210,0,1.79233,-4882.6,0.223155,0.157143
2215,0,1.79233,-4882.6,0.223155,0.153488
2220,0,1.80505,-4882.6,0.0324213,0.154545
2225,0,1.80399,-4882.6,0.0483189,0.155556
2230,0,1.80399,-4882.6,0.0483189,0.152174
2235,0,1.80188,-4882.6,0.0799934,0.153191
2240,0,1.80188,-4882.6,0.0799934,0.15
2245,0,1.80337,-4882.6,0.0575832,0.155102
2250,0,1.80337,-4882.6,0.0575832,0.152
2255,0,1.80464,-4882.6,0.0385699,0.152941
2260,0,1.80464,-4882.6,0.0385699,0.15
2265,0,1.80464,-4882.6,0.0385699,0.14717
2270,0,1.79972,-4882.6,0.112355,0.148148
2275,0,1.79691,-4882.6,0.154568,0.149091
2280,0,1.79826,-4882.6,0.134308,0.15
2285,0,1.81895,-4883.09,0.0887407,0.154386
2290,0,1.81895,-4883.09,0.0887407,0.151724
2295,0,1.78719,-4883.09,0.565154,0.152542
2300,0,1.79916,-4883.09,0.385697,0.153333
2305,0,1.79916,-4883.09,0.385697,0.15082
2310,0,1.79916,-4883.09,0.385697,0.148387
2315,0,1.79916,-4883.09,0.385697,0.146032
2320,0,1.79916,-4883.09,0.385697,0.14375
2325,0,1.79916,-4883.09,0.385697,0.141538
2330,0,1.79916,-4883.09,0.385697,0.139394
2335,0,1.81749,-4883.09,0.110733,0.140299
2340,0,1.84092,-4881.5,0.144571,0.147059
2345,0,1.81673,-4881.5,0.507479,0.147826
2350,0,1.81673,-4881.5,0.507479,0.145714
2355,0,1.81673,-4881.5,0.507479,0.143662
2360,0,1.81673,-4881.5,0.507479,0.141667
2365,0,1.81726,-4881.5,0.499584,0.147945
2370,0,1.81726,-4881.5,0.499584,0.145946
2375,0,1.86295,-4880.91,0.251001,0.152
2380,0,1.75957,-4880.91,1.80169,0.152632
2385,0,1.72286,-4880.76,2.21835,0.155844
2390,0,1.72286,-4880.76,2.21835,0.153846
2395,0,1.65132,-4880.76,3.29141,0.156962
2400,0,1.83983,-4880.76,0.46377,0.1575
2405,0,1.85472,-4880.76,0.240439,0.158025
2410,0,1.85472,-4880.76,0.240439,0.156098
2415,0,1.85331,-4880.76,0.261521,0.159036
2420,0,1.86839,-4880.76,0.0354366,0.161905
2425,0,1.86839,-4880.76,0.0354366,0.16
2430,0,1.86839,-4880.76,0.0354366,0.15814
2435,0,1.86839,-4880.76,0.0354366,0.156322
2440,0,1.86839,-4880.76,0.0354366,0.154545
2445,0,1.86839,-4880.76,0.0354366,0.152809
2450,0,1.86839,-4880.76,0.0354366,0.151111
2455,0,1.86173,-4880.76,0.135227,0.153846
2460,0,1.83951,-4880.76,0.468518,0.154348
2465,0,1.80348,-4880.76,1.00901,0.154839
2470,0,1.85239,-4880.76,0.275329,0.155319
2475,0,1.85239,-4880.76,0.275329,0.153684
2480,0,1.83699,-4880.76,0.506436,0.15625
2485,0,1.83699,-4880.76,0.506436,0.154639
2490,0,1.7943,-4881.38,0.870189,0.157143
2495,0,1.7943,-4881.38,0.870189,0.155556
2500,0,1.78661,-4881.38,0.985671,0.156
2505,0,1.78661,-4881.38,0.985671,0
2510,0,1.78661,-4881.38,0.985671,0
2515,0,1.69191,-4881.38,2.40616,0.0666667
2520,0,1.66116,-4881.38,2.8674,0.1
2525,0,1.66116,-4881.38,2.8674,0.08
2530,0,1.66116,-4881.38,2.8674,0.0666667
2535,0,1.66116,-4881.38,2.8674,0.0571429
2540,0,1.66116,-4881.38,2.8674,0.05
2545,0,1.69667,-4881.38,2.33471,0.0666667
2550,0,1.69667,-4881.38,2.33471,0.06
2555,0,1.69182,-4881.27,2.33471,0.0727273
2560,0,1.73169,-4881.27,1.73666,0.1
2565,0,1.73169,-4881.27,1.73666,0.0923077
2570,0,1.71801,-4882.11,1.73666,0.1
2575,0,1.71801,-4882.11,1.73666,0.0933333
2580,0,1.80461,-4882.11,0.437631,0.1
2585,0,1.8229,-4882.11,0.163385,0.129412
2590,0,1.8229,-4882.11,0.163385,0.122222
2595,0,1.61129,-4882.11,3.33756,0.136842
2600,0,1.79334,-4882.11,0.606717,0.14
2605,0,1.72584,-4882.11,1.61924,0.142857
2610,0,1.72584,-4882.11,1.61924,0.136364
2615,0,1.72584,-4882.11,1.61924,0.130435
2620,0,1.72584,-4882.11,1.61924,0.125
2625,0,1.80194,-4882.11,0.477682,0.128
2630,0,1.80194,-4882.11,0.477682,0.123077
2635,0,1.8159,-4882.11,0.268344,0.125926
2640,0,1.82159,-4882.11,0.183056,0.128571
2645,0,1.74851,-4882.11,1.27918,0.131034
2650,0,1.81477,-4882.11,0.285267,0.133333
2655,0,1.81477,-4882.11,0.285267,0.129032
2660,0,1.83098,-4882.11,0.0421416,0.13125
2665,0,1.83098,-4882.11,0.0421416,0.127273
2670,0,1.81417,-4882.12,0.0421416,0.129412
2675,0,1.8052,-4882.79,0.0421416,0.131429
2680,0,1.80562,-4882.79,0.0358629,0.133333
2685,0,1.80562,-4882.79,0.0358629,0.12973
2690,0,1.79389,-4882.79,0.211795,0.131579
2695,0,1.80216,-4882.79,0.0876606,0.138462
2700,0,1.80198,-4882.34,0.400218,0.145
2705,0,1.81498,-4882.34,0.205322,0.146341
2710,0,1.81498,-4882.34,0.205322,0.142857
2715,0,1.81498,-4882.34,0.205322,0.139535
2720,0,1.80108,-4882.34,0.413847,0.140909
2725,0,1.77622,-4882.34,0.786721,0.142222
2730,0,1.77931,-4882.34,0.74028,0.143478
2735,0,1.77931,-4882.34,0.74028,0.140426
2740,0,1.79882,-4882.34,0.447656,0.141667
2745,0,1.79698,-4882.44,1.25835,0.146939
2750,0,1.79698,-4882.44,1.25835,0.144
2755,0,1.84418,-4882.44,0.550342,0.14902
2760,0,1.84418,-4882.44,0.550342,0.146154
2765,0,1.84418,-4882.44,0.550342,0.143396
2770,0,1.84418,-4882.44,0.550342,0.140741
2775,0,1.85829,-4882.08,0.277469,0.145455
2780,0,1.85616,-4882.08,0.309387,0.146429
2785,0,1.70551,-4882.2,1.86984,0.150877
2790,0,1.70551,-4882.2,1.86984,0.148276
2795,0,1.70551,-4882.2,1.86984,0.145763
2800,0,1.78845,-4882.2,0.625615,0.15
2805,0,1.7943,-4882.2,0.537869,0.15082
2810,0,1.7943,-4882.2,0.537869,0.148387
2815,0,1.7943,-4882.2,0.537869,0.146032
2820,0,1.74622,-4883.22,0.904295,0.15
2825,0,1.74622,-4883.22,0.904295,0.147692
2830,0,1.74622,-4883.22,0.904295,0.145455
2835,0,1.74622,-4883.22,0.904295,0.143284
2840,0,1.79115,-4883.22,0.230411,0.144118
2845,0,1.80594,-4883.22,0.00855929,0.147826
2850,0,1.84662,-4882.68,0.00855929,0.151429
2855,0,1.82418,-4881.95,0.00855929,0.152113
2860,0,1.82418,-4881.95,0.00855929,0.15
2865,0,1.82223,-4881.95,0.0377818,0.150685
2870,0,1.82223,-4881.95,0.0377818,0.148649
2875,0,1.81521,-4881.95,0.14306,0.152
2880,0,1.81521,-4881.95,0.14306,0.15
2885,0,1.79684,-4881.95,0.418661,0.150649
2890,0,1.79684,-4881.95,0.418661,0.148718
2895,0,1.79684,-4881.95,0.418661,0.146835
2900,0,1.79684,-4881.95,0.418661,0.145
2905,0,1.7627,-4884.41,0.418661,0.145679
2910,0,1.7627,-4884.41,0.418661,0.143902
2915,0,1.7604,-4884.41,0.453168,0.144578
2920,0,1.7604,-4884.41,0.453168,0.142857
2925,0,1.69715,-4884.41,1.40188,0.143529
2930,0,1.69862,-4884.41,1.37975,0.146512
2935,0,1.6878,-4884.41,1.54206,0.147126
2940,0,1.67583,-4883.7,1.54206,0.147727
2945,0,1.75534,-4883.7,0.349377,0.148315
2950,0,1.75534,-4883.7,0.349377,0.146667
2955,0,1.75534,-4883.7,0.349377,0.145055
2960,0,1.75534,-4883.7,0.349377,0.143478
2965,0,1.7482,-4883.7,0.456546,0.144086
2970,0,1.67993,-4883.7,1.4805,0.144681
2975,0,1.67993,-4883.7,1.4805,0.143158
2980,0,1.67993,-4883.7,1.4805,0.141667
2985,0,1.67993,-4883.7,1.4805,0.140206
2990,0,1.69971,-4883.7,1.18377,0.140816
2995,0,1.74622,-4883.7,0.486181,0.141414
3000,0,1.74577,-4883.46,0.609341,0.171276
3005,0,1.74577,-4883.46,0.609341,0
3010,0,1.72503,-4883.46,0.920389,0.2
3015,0,1.70035,-4883.29,1.32743,0.266667
3020,0,1.70035,-4883.29,1.32743,0.2
3025,0,1.75943,-4883.29,0.44114,0.2
3030,0,1.77421,-4883.09,0.294508,0.233333
3035,0,1.69104,-4883.54,1.3763,0.257143
3040,0,1.69104,-4883.54,1.3763,0.225
3045,0,1.69104,-4883.54,1.3763,0.2
3050,0,1.73826,-4883.54,0.668132,0.2
3055,0,1.73826,-4883.54,0.668132,0.181818
3060,0,1.73826,-4883.54,0.668132,0.166667
3065,0,1.73826,-4883.54,0.668132,0.153846
3070,0,1.74771,-4883.54,0.526339,0.171429
3075,0,1.74771,-4883.54,0.526339,0.16
3080,0,1.74771,-4883.54,0.526339,0.15
3085,0,1.74771,-4883.54,0.526339,0.141176
3090,0,1.74771,-4883.54,0.526339,0.133333
3095,0,1.77063,-4883.54,0.182591,0.136842
3100,0,1.76964,-4883.54,0.197356,0.14
3105,0,1.78005,-4883.54,0.04122,0.142857
3110,0,1.72771,-4883.54,0.826269,0.154545
3115,0,1.76789,-4883.54,0.223633,0.165217
3120,0,1.76789,-4883.54,0.223633,0.158333
3125,0,1.74935,-4883.54,0.501742,0.16
3130,0,1.74935,-4883.54,0.501742,0.153846
3135,0,1.76613,-4883.54,0.250007,0.155556
3140,0,1.76267,-4883.54,0.301851,0.157143
3145,0,1.72889,-4883.54,0.808633,0.158621
3150,0,1.71336,-4883.54,1.04163,0.166667
3155,0,1.56687,-4883.54,3.23898,0.167742
3160,0,1.5301,-4883.54,3.7905,0.16875
3165,0,1.70459,-4883.54,1.17314,0.169697
3170,0,1.74689,-4883.54,0.538558,0.176471
3175,0,1.78022,-4883.54,0.0386617,0.182857
3180,0,1.77457,-4883.54,0.123473,0.183333
3185,0,1.75314,-4883.54,0.444881,0.183784
3190,0,1.78099,-4883.54,0.0271786,0.189474
3195,0,1.78099,-4883.54,0.0271786,0.184615
3200,0,1.78037,-4883.54,0.0364926,0.185
3205,0,1.7816,-4883.54,0.018015,0.185366
3210,0,1.7816,-4883.54,0.018015,0.180952
3215,0,1.7816,-4883.54,0.018015,0.176744
3220,0,1.7816,-4883.54,0.018015,0.172727
3225,0,1.7816,-4883.54,0.018015,0.168889
3230,0,1.7816,-4883.54,0.018015,0.165217
3235,0,1.77545,-4883.54,0.110158,0.170213
3240,0,1.7489,-4883.54,0.508508,0.170833
3245,0,1.7489,-4883.54,0.508508,0.167347
3250,0,1.7489,-4883.54,0.508508,0.164
3255,0,1.7489,-4883.54,0.508508,0.160784
3260,0,1.77269,-4883.54,0.151554,0.161538
3265,0,1.79087,-4883.09,0.045472,0.166038
3270,0,1.7798,-4883.09,0.211613,0.166667
3275,0,1.7798,-4883.09,0.211613,0.163636
3280,0,1.75594,-4883.62,0.382802,0.167857
3285,0,1.75594,-4883.62,0.382802,0.164912
3290,0,1.7726,-4883.62,0.132801,0.165517
3295,0,1.80624,-4883.72,0.192205,0.169492
3300,0,1.80624,-4883.72,0.192205,0.166667
3305,0,1.80624,-4883.72,0.192205,0.163934
3310,0,1.79839,-4883.72,0.309965,0.170968
3315,0,1.79839,-4883.72,0.309965,0.168254
3320,0,1.78218,-4883.72,0.553156,0.16875
3325,0,1.78218,-4883.72,0.553156,0.166154
3330,0,1.75389,-4883.13,0.791053,0.169697
3335,0,1.75389,-4883.13,0.791053,0.167164
3340,0,1.75389,-4883.13,0.791053,0.164706
3345,0,1.75389,-4883.13,0.791053,0.162319
3350,0,1.75389,-4883.13,0.791053,0.16
3355,0,1.75389,-4883.13,0.791053,0.157746
3360,0,1.79068,-4883.13,0.239219,0.158333
3365,0,1.76431,-4883.13,0.634669,0.161644
3370,0,1.76237,-4883.13,0.66386,0.162162
3375,0,1.76237,-4883.13,0.66386,0.16
3380,0,1.76237,-4883.13,0.66386,0.157895
3385,0,1.69957,-4883.13,1.60578,0.158442
3390,0,1.73862,-4884.02,1.26489,0.161538
3395,0,1.75061,-4882.68,1.26489,0.162025
3400,0,1.79905,-4882.68,0.538284,0.1625
3405,0,1.79905,-4882.68,0.538284,0.160494
3410,0,1.79905,-4882.68,0.538284,0.158537
3415,0,1.66134,-4882.68,2.60389,0.159036
3420,0,1.66134,-4882.68,2.60389,0.157143
3425,0,1.79334,-4882.68,0.623956,0.16
3430,0,1.79334,-4882.68,0.623956,0.15814
3435,0,1.79334,-4882.68,0.623956,0.156322
3440,0,1.76414,-4882.68,1.06193,0.159091
3445,0,1.83626,-4882.89,0.063499,0.164045
3450,0,1.83626,-4882.89,0.063499,0.162222
3455,0,1.79761,-4883,0.207859,0.164835
3460,0,1.83294,-4883.25,0.207859,0.165217
3465,0,1.78619,-4883.36,0.931685,0.167742
3470,0,1.78619,-4883.36,0.931685,0.165957
3475,0,1.81495,-4882.73,0.931685,0.166316
3480,0,1.85381,-4882.73,0.348762,0.16875
3485,0,1.85381,-4882.73,0.348762,0.16701
3490,0,1.79892,-4882.73,1.17219,0.167347
3495,0,1.82546,-4882.73,0.773978,0.171717
3500,0,1.82546,-4882.73,0.773978,0.17
3505,0,1.82546,-4882.73,0.773978,0
3510,0,1.73554,-4882.73,2.1229,0.1
3515,0,1.73554,-4882.73,2.1229,0.0666667
3520,0,1.73554,-4882.73,2.1229,0.05
3525,0,1.73554,-4882.73,2.1229,0.04
3530,0,1.64089,-4882.73,3.5426,0.0666667
3535,0,1.65791,-4882.24,3.5426,0.0857143
3540,0,1.82646,-4882.37,0.910948,0.125
3545,0,1.82646,-4882.37,0.910948,0.111111
3550,0,1.82646,-4882.37,0.910948,0.1
3555,0,1.82646,-4882.37,0.910948,0.0909091
3560,0,1.8779,-4882.37,0.139363,0.1
3565,0,1.84633,-4882.37,0.612979,0.107692
3570,0,1.85078,-4882.37,0.546212,0.114286
3575,0,1.8276,-4882.37,0.893827,0.12
3580,0,1.8276,-4882.37,0.893827,0.1125
3585,0,1.8276,-4882.37,0.893827,0.105882
3590,0,1.8276,-4882.37,0.893827,0.1
3595,0,1.8276,-4882.37,0.893827,0.0947368
3600,0,1.8276,-4882.37,0.893827,0.09
3605,0,1.87444,-4882.37,0.191273,0.0952381
3610,0,1.87444,-4882.37,0.191273,0.0909091
3615,0,1.86955,-4882.37,0.264711,0.104348
3620,0,1.78174,-4882.37,1.58186,0.108333
3625,0,1.85054,-4882.37,0.549871,0.112
3630,0,1.87008,-4882.98,0.549871,0.115385
3635,0,1.84724,-4882.56,0.549871,0.118519
3640,0,1.8705,-4882.56,0.200866,0.128571
3645,0,1.75816,-4883.44,1.28615,0.137931
3650,0,1.75816,-4883.44,1.28615,0.133333
3655,0,1.58492,-4883.44,3.88478,0.135484
3660,0,1.58492,-4883.44,3.88478,0.13125
3665,0,1.54787,-4883.44,4.4406,0.133333
3670,0,1.59688,-4883.44,3.70541,0.135294
3675,0,1.79428,-4883.44,0.744398,0.137143
3680,0,1.7499,-4883.44,1.41013,0.138889
3685,0,1.7499,-4883.44,1.41013,0.135135
3690,0,1.77651,-4882.86,0.919419,0.142105
3695,0,1.77651,-4882.86,0.919419,0.138462
3700,0,1.77651,-4882.86,0.919419,0.135
3705,0,1.77651,-4882.86,0.919419,0.131707
3710,0,1.69938,-4882.86,2.07635,0.133333
3715,0,1.69271,-4883.38,2.07635,0.134884
3720,0,1.73615,-4883.38,1.4248,0.140909
3725,0,1.75832,-4883.38,1.09217,0.142222
3730,0,1.75832,-4883.38,1.09217,0.13913
3735,0,1.75832,-4883.38,1.09217,0.13617
3740,0,1.76433,-4883.38,1.00208,0.1375
3745,0,1.85373,-4882.99,0.334873,0.142857
3750,0,1.86837,-4882.99,0.115399,0.144
3755,0,1.86837,-4882.99,0.115399,0.141176
3760,0,1.8745,-4882.99,0.0233011,0.142308
3765,0,1.8851,-4882.23,0.0662021,0.14717
3770,0,1.87618,-4882.23,0.199946,0.148148
3775,0,1.87618,-4882.23,0.199946,0.145455
3780,0,1.87341,-4882.23,0.241513,0.15
3785,0,1.87341,-4882.23,0.241513,0.147368
3790,0,1.87341,-4882.23,0.241513,0.144828
3795,0,1.87341,-4882.23,0.241513,0.142373
3800,0,1.85991,-4882.23,0.444083,0.146667
3805,0,1.7559,-4882.23,2.00419,0.147541
3810,0,1.78163,-4882.23,1.61833,0.148387
3815,0,1.85983,-4882.23,0.445313,0.152381
3820,0,1.87004,-4882.23,0.292166,0.153125
3825,0,1.82454,-4882.23,0.974587,0.153846
3830,0,1.82454,-4882.23,0.974587,0.151515
3835,0,1.73144,-4882.23,2.3711,0.155224
3840,0,1.73144,-4882.23,2.3711,0.152941
3845,1,6.14934,-4883.59,3.68979,0.156522
3850,1,6.08636,-4884.21,3.68979,0.157143
3855,1,5.98431,-4885.53,3.68979,0.166197
3860,1,6.20923,-4883.21,3.68979,0.166667
3865,1,6.40966,-4883.21,0.683315,0.169863
3870,1,6.35524,-4883.25,0.683315,0.175676
3875,1,6.37711,-4883.25,0.355186,0.178667
3880,1,6.4467,-4883.16,0.355186,0.181579
3885,1,6.25113,-4883.08,0.355186,0.184416
3890,1,6.45697,-4883.5,0.132621,0.194872
3895,1,6.45346,-4883.65,0.132621,0.197468
3900,1,6.68912,-4882.19,0.132621,0.2
3905,1,6.68912,-4882.18,0.132621,0.2
3910,1,6.60856,-4882.72,0.545786,0.204878
3915,1,6.42173,-4882.64,0.545786,0.209639
3920,1,6.36103,-4882.64,1.4563,0.211905
3925,1,6.37264,-4882.64,1.28214,0.211765
3930,1,6.34468,-4882.64,1.70146,0.211628
3935,1,6.34468,-4882.65,1.70146,0.211494
3940,1,6.34468,-4882.65,1.70146,0.209091
3945,1,6.34468,-4882.64,1.70146,0.208989
3950,1,6.34468,-4882.64,1.70146,0.206667
3955,1,6.33926,-4882.67,1.78286,0.208791
3960,1,6.43952,-4882.66,0.278921,0.21087
3965,1,6.64287,-4882.9,0.278921,0.215054
3970,1,6.65071,-4882.9,0.161218,0.214894
3975,1,6.91165,-4881.11,0.161218,0.216842
3980,1,6.74587,-4882.15,0.08979,0.220833
3985,1,6.74587,-4882.25,0.08979,0.220619
3990,1,6.74587,-4882.25,0.08979,0.218367
3995,0,1.87628,-4882.22,0.147951,0.220202
4000,0,1.8684,-4882.22,0.266199,0.222
4005,0,1.8684,-4882.22,0.266199,0
4010,0,1.84845,-4882.22,0.565403,0.1
4015,0,1.84845,-4882.22,0.565403,0.0666667
4020,0,1.84845,-4882.22,0.565403,0.05
4025,0,1.81885,-4882.22,1.0094,0.08
4030,0,1.83743,-4882.22,0.748728,0.166667
4035,0,1.73492,-4882.22,2.28636,0.171429
4040,0,1.74254,-4882.22,2.17205,0.225
4045,0,1.82018,-4882.22,1.00737,0.222222
4050,0,1.82018,-4882.22,1.00737,0.2
4055,0,1.82018,-4882.22,1.00737,0.181818
4060,0,1.82018,-4882.22,1.00737,0.166667
4065,0,1.82018,-4882.22,1.00737,0.153846
4070,0,1.88148,-4882.22,0.0879304,0.171429
4075,0,1.88148,-4882.22,0.0879304,0.16
4080,0,1.88148,-4882.22,0.0879304,0.15
4085,0,1.88148,-4882.22,0.0879304,0.141176
4090,0,1.87291,-4882.22,0.216481,0.144444
4095,0,1.85682,-4882.22,0.457772,0.147368
4100,0,1.73898,-4882.22,2.22534,0.15
4105,0,1.82549,-4882.22,0.927827,0.152381
4110,0,1.82549,-4882.22,0.927827,0.145455
4115,0,1.82549,-4882.22,0.927827,0.13913
4120,0,1.8226,-4882.24,0.927827,0.141667
4125,0,1.8193,-4882.24,0.977323,0.152
4130,0,1.8193,-4882.24,0.977323,0.146154
4135,0,1.82693,-4882.24,0.862986,0.148148
4140,0,1.8447,-4883.04,0.862986,0.15
4145,0,1.8447,-4883.04,0.862986,0.144828
4150,0,1.8447,-4883.04,0.862986,0.14
4155,0,1.8447,-4883.04,0.862986,0.135484
4160,0,1.83896,-4882.66,0.862986,0.1375
4165,0,1.83896,-4882.66,0.862986,0.133333
4170,0,1.83896,-4882.66,0.862986,0.129412
4175,0,1.83896,-4882.66,0.862986,0.125714
4180,0,1.86606,-4882.66,0.456464,0.127778
4185,0,1.86606,-4882.66,0.456464,0.124324
4190,0,1.86606,-4882.66,0.456464,0.121053
4195,0,1.86606,-4882.66,0.456464,0.117949
4200,0,1.82472,-4882.66,1.07652,0.12
4205,0,1.82472,-4882.66,1.07652,0.117073
4210,0,1.82801,-4882.46,1.07652,0.119048
4215,0,1.82801,-4882.46,1.07652,0.116279
4220,0,1.82801,-4882.46,1.07652,0.113636
4225,0,1.82801,-4882.46,1.07652,0.111111
4230,0,1.82801,-4882.46,1.07652,0.108696
4235,0,1.82801,-4882.46,1.07652,0.106383
4240,0,1.82801,-4882.46,1.07652,0.104167
4245,0,1.85485,-4882.46,0.673969,0.110204
4250,0,1.85485,-4882.46,0.673969,0.108
4255,0,1.8419,-4882.41,0.534136,0.113725
4260,0,1.75237,-4882.41,1.87708,0.119231
4265,0,1.8084,-4882.41,1.03669,0.120755
4270,0,1.73312,-4882.41,2.16593,0.122222
4275,0,1.73312,-4882.41,2.16593,0.12
4280,0,1.73312,-4882.41,2.16593,0.117857
4285,0,1.5643,-4882.41,4.69822,0.119298
4290,0,1.79407,-4882.41,1.25158,0.124138
4295,0,1.80182,-4882.23,1.25158,0.125424
4300,0,1.86832,-4882.23,0.254118,0.126667
4305,0,1.87568,-4882.23,0.143662,0.131148
4310,0,1.87568,-4882.23,0.143662,0.129032
4315,0,1.87568,-4882.23,0.143662,0.126984
4320,0,1.88014,-4882.23,0.0767858,0.128125
4325,0,1.87667,-4882.23,0.128878,0.132308
4330,0,1.87667,-4882.23,0.128878,0.130303
4335,0,1.87287,-4882.23,0.18594,0.134328
4340,0,1.87287,-4882.23,0.18594,0.132353
4345,0,1.87303,-4882.23,0.183537,0.133333
4350,0,1.83515,-4882.23,0.751673,0.137143
4355,0,1.85386,-4882.23,0.471035,0.138028
4360,0,1.73557,-4882.23,2.24533,0.138889
4365,0,1.81506,-4882.23,1.05302,0.139726
4370,0,1.76765,-4882.23,1.76422,0.143243
4375,0,1.78726,-4882.29,1.50353,0.146667
4380,0,1.69061,-4882.29,2.95328,0.147368
4385,0,1.69061,-4882.29,2.95328,0.145455
4390,0,1.69061,-4882.29,2.95328,0.14359
4395,0,1.67337,-4882.29,3.21183,0.144304
4400,0,1.67337,-4882.29,3.21183,0.1425
4405,0,1.67337,-4882.29,3.21183,0.140741
4410,0,1.83953,-4882.56,0.791101,0.14878
4415,0,1.66305,-4882.56,3.43829,0.149398
4420,0,1.66305,-4882.56,3.43829,0.147619
4425,0,1.66481,-4882.56,3.41188,0.148235
4430,0,1.66481,-4882.56,3.41188,0.146512
4435,0,1.76704,-4882.56,1.87846,0.149425
4440,0,1.76704,-4882.56,1.87846,0.147727
4445,0,1.84665,-4882.56,0.684342,0.148315
4450,0,1.84665,-4882.56,0.684342,0.146667
4455,0,1.84665,-4882.56,0.684342,0.145055
4460,0,1.80971,-4882.56,1.23839,0.145652
4465,0,1.80971,-4882.56,1.23839,0.144086
4470,0,1.8696,-4882.35,0.441469,0.146809
4475,0,1.8696,-4882.35,0.441469,0.145263
4480,0,1.8696,-4882.35,0.441469,0.14375
4485,0,1.88306,-4882.35,0.239657,0.14433
4490,0,1.88306,-4882.35,0.239657,0.142857
4495,0,1.88306,-4882.35,0.239657,0.141414
4500,0,1.86452,-4882.35,0.517727,0.142
4505,0,1.80535,-4882.29,1.37613,0.4
4510,0,1.87083,-4882.29,0.393928,0.4
4515,0,1.87083,-4882.29,0.393928,0.266667
4520,0,1.87083,-4882.29,0.393928,0.2
4525,0,1.87979,-4882.29,0.259525,0.2
4530,0,1.87979,-4882.29,0.259525,0.166667
4535,0,1.89212,-4882.29,0.0746557,0.171429
4540,0,1.89071,-4882.29,0.0958279,0.225
4545,0,1.88031,-4882.29,0.25175,0.222222
4550,0,1.87358,-4882.29,0.352789,0.22
4555,0,1.87358,-4882.29,0.352789,0.2
4560,0,1.87358,-4882.29,0.352789,0.183333
4565,0,1.87358,-4882.29,0.352789,0.169231
4570,0,1.86677,-4882.29,0.454824,0.171429
4575,0,1.87279,-4882.29,0.454824,0.173333
4580,0,1.87279,-4882.29,0.454824,0.1625
4585,0,1.87279,-4882.29,0.454824,0.152941
4590,0,1.87279,-4882.29,0.454824,0.144444
4595,0,1.87279,-4882.29,0.454824,0.136842
4600,0,1.88558,-4882.29,0.263061,0.15
4605,0,1.89899,-4882.29,0.0618837,0.152381
4610,0,1.89737,-4882.29,0.0861532,0.163636
4615,0,1.88391,-4882.53,0.0559276,0.173913
4620,0,1.88391,-4882.53,0.0559276,0.166667
4625,0,1.86495,-4882.53,0.340328,0.168
4630,0,1.86495,-4882.53,0.340328,0.161538
4635,0,1.86495,-4882.53,0.340328,0.155556
4640,0,1.86495,-4882.53,0.340328,0.15
4645,0,1.86495,-4882.53,0.340328,0.144828
4650,0,1.75343,-4882.53,2.01316,0.146667
4655,0,1.82517,-4882.53,0.937066,0.148387
4660,0,1.85815,-4883.03,0.937066,0.15
4665,0,1.85815,-4883.03,0.937066,0.145455
4670,0,1.85815,-4883.03,0.937066,0.141176
4675,0,1.83512,-4883.03,1.28243,0.142857
4680,0,1.90584,-4883.03,0.221732,0.144444
4685,0,1.90584,-4883.03,0.221732,0.140541
4690,0,1.90584,-4883.03,0.221732,0.136842
4695,0,1.91733,-4883.03,0.0492775,0.138462
4700,0,1.91658,-4883.03,0.0605409,0.14
4705,0,1.9161,-4883.03,0.0677421,0.141463
4710,0,1.89349,-4883.03,0.406943,0.147619
4715,0,1.88053,-4882.38,0.406943,0.148837
4720,0,1.88053,-4882.38,0.406943,0.145455
4725,0,1.89448,-4882.38,0.197654,0.155556
4730,0,1.90013,-4882.59,0.197654,0.156522
4735,0,1.82817,-4883,0.77218,0.161702
4740,0,1.86594,-4883,0.205691,0.1625
4745,0,1.86594,-4883,0.205691,0.159184
4750,0,1.86594,-4883,0.205691,0.156
4755,0,1.86727,-4883,0.18581,0.156863
4760,0,1.85744,-4882.3,0.18581,0.157692
4765,0,1.85285,-4882.3,0.254693,0.158491
4770,0,1.85285,-4882.3,0.254693,0.155556
4775,0,1.85303,-4882.3,0.25195,0.156364
4780,0,1.85303,-4882.3,0.25195,0.153571
4785,0,1.86187,-4882.3,0.119324,0.154386
4790,0,1.84149,-4882.3,0.425067,0.155172
4795,0,1.72482,-4882.3,2.17506,0.155932
4800,0,1.72482,-4882.3,2.17506,0.153333
4805,0,1.72482,-4882.3,2.17506,0.15082
4810,0,1.72482,-4882.3,2.17506,0.148387
4815,0,1.78131,-4882.3,1.32767,0.152381
4820,0,1.78131,-4882.3,1.32767,0.15
4825,0,1.78131,-4882.3,1.32767,0.147692
4830,0,1.78131,-4882.3,1.32767,0.145455
4835,0,1.78131,-4882.3,1.32767,0.143284
4840,0,1.78131,-4882.3,1.32767,0.141176
4845,0,1.78131,-4882.3,1.32767,0.13913
4850,0,1.78131,-4882.3,1.32767,0.137143
4855,0,1.78131,-4882.3,1.32767,0.135211
4860,0,1.78131,-4882.3,1.32767,0.133333
4865,0,1.86651,-4883.07,0.489982,0.136986
4870,0,1.86651,-4883.07,0.489982,0.135135
4875,0,1.88237,-4883.07,0.252124,0.136
4880,0,1.88237,-4883.07,0.252124,0.134211
4885,0,1.88112,-4883.07,0.270868,0.137662
4890,0,1.88112,-4883.07,0.270868,0.135897
4895,0,1.88787,-4883.67,0.270868,0.139241
4900,0,1.88451,-4883.67,0.321272,0.14
4905,0,1.87353,-4883.67,0.48596,0.140741
4910,0,1.87353,-4883.67,0.48596,0.139024
4915,0,1.87353,-4883.67,0.48596,0.137349
4920,0,1.81408,-4883.67,1.37773,0.138095
4925,0,1.8412,-4882.86,1.37773,0.138824
4930,0,1.8412,-4882.86,1.37773,0.137209
4935,0,1.90478,-4882.86,0.424042,0.137931
4940,0,1.91242,-4882.86,0.309366,0.138636
4945,0,1.89603,-4882.86,0.55518,0.139326
4950,0,1.89603,-4882.86,0.55518,0.137778
4955,0,1.89603,-4882.86,0.55518,0.136264
4960,0,1.89603,-4882.86,0.55518,0.134783
4965,0,1.77002,-4882.86,2.44535,0.135484
4970,0,1.77002,-4882.86,2.44535,0.134043
4975,0,1.87573,-4882.86,0.859769,0.134737
4980,0,1.90571,-4882.86,0.409995,0.1375
4985,0,1.90571,-4882.86,0.409995,0.136082
4990,0,1.87647,-4882.86,0.848627,0.136735
4995,0,1.87024,-4882.86,0.942102,0.137374
5000,0,1.92899,-4882.84,0.391989,0.173365
5005,0,1.92611,-4882.84,0.435166,0.2
5010,0,1.92611,-4882.84,0.435166,0.1
5015,0,1.96106,-4883.03,0.23274,0.266667
5020,0,1.93594,-4883.03,0.609422,0.25
5025,0,1.93594,-4883.03,0.609422,0.2
5030,0,1.90203,-4883.03,1.11818,0.2
5035,0,1.90042,-4883.05,1.11818,0.2
5040,0,1.90042,-4883.05,1.11818,0.175
5045,0,1.90042,-4883.05,1.11818,0.155556
5050,0,1.7786,-4883.05,2.9456,0.16
5055,0,1.94915,-4883.04,0.445917,0.2
5060,0,1.78171,-4883.04,2.95761,0.2
5065,0,1.92034,-4883.04,0.878162,0.2
5070,0,1.92034,-4883.04,0.878162,0.185714
5075,0,1.90665,-4883.04,1.08342,0.186667
5080,0,1.90665,-4883.04,1.08342,0.175
5085,0,1.90665,-4883.04,1.08342,0.164706
5090,0,1.90665,-4883.04,1.08342,0.155556
5095,0,1.90665,-4883.04,1.08342,0.147368
5100,0,1.90665,-4883.04,1.08342,0.14
5105,0,1.91093,-4883.16,1.08342,0.142857
5110,0,1.91093,-4883.16,1.08342,0.136364
5115,0,1.91093,-4883.16,1.08342,0.130435
5120,0,1.91093,-4883.16,1.08342,0.125
5125,0,1.90295,-4883.05,1.08342,0.128
5130,0,1.93684,-4883.05,0.575114,0.130769
5135,0,1.95272,-4883.05,0.336806,0.133333
5140,0,1.88825,-4883.05,1.30383,0.135714
5145,0,1.88825,-4883.05,1.30383,0.131034
5150,0,1.72414,-4882.8,3.40435,0.14
5155,0,1.78408,-4882.8,2.50534,0.141935
5160,0,1.90533,-4882.8,0.686614,0.14375
5165,0,1.91513,-4882.8,0.539537,0.145455
5170,0,1.91513,-4882.8,0.539537,0.141176
5175,0,1.91513,-4882.8,0.539537,0.137143
5180,0,1.85765,-4882.8,1.40174,0.138889
5185,0,1.846,-4882.8,1.57651,0.140541
5190,0,1.846,-4882.8,1.57651,0.136842
5195,0,1.846,-4882.8,1.57651,0.133333
5200,0,1.846,-4882.8,1.57651,0.13
5205,0,1.81157,-4884.32,1.57651,0.131707
5210,0,1.88423,-4884.32,0.486647,0.133333
5215,0,1.88423,-4884.32,0.486647,0.130233
5220,0,1.88774,-4884.79,0.486647,0.131818
5225,0,1.88774,-4884.79,0.486647,0.128889
5230,0,1.78429,-4884.79,2.03848,0.134783
5235,0,1.89283,-4884.79,0.41037,0.13617
5240,0,1.79288,-4884.79,1.90958,0.141667
5245,0,1.79265,-4884.79,1.91301,0.142857
5250,0,1.87663,-4884.79,0.653243,0.144
5255,0,1.82921,-4881.96,0.653243,0.145098
5260,0,1.8645,-4881.96,0.123809,0.146154
5265,0,1.82685,-4881.96,0.688623,0.14717
5270,0,1.82685,-4881.96,0.688623,0.144444
5275,0,1.86413,-4881.96,0.129432,0.145455
5280,0,1.86763,-4881.96,0.0769035,0.146429
5285,0,1.87076,-4881.96,0.029915,0.147368
5290,0,1.87076,-4881.96,0.029915,0.144828
5295,0,1.87076,-4881.96,0.029915,0.142373
5300,0,1.81314,-4881.96,0.89424,0.15
5305,0,1.80206,-4881.94,1.07927,0.160656
5310,0,1.83988,-4881.94,0.51195,0.16129
5315,0,1.83988,-4881.94,0.51195,0.15873
5320,0,1.7972,-4881.94,1.15213,0.159375
5325,0,1.7972,-4881.94,1.15213,0.156923
5330,0,1.85871,-4881.94,0.229518,0.157576
5335,0,1.85871,-4881.94,0.229518,0.155224
5340,0,1.85871,-4881.94,0.229518,0.152941
5345,0,1.85871,-4881.94,0.229518,0.150725
5350,0,1.85871,-4881.94,0.229518,0.148571
5355,0,1.84867,-4881.94,0.380072,0.149296
5360,0,1.84867,-4881.94,0.380072,0.147222
5365,0,1.82678,-4881.94,0.708411,0.150685
5370,0,1.80195,-4883.1,1.55383,0.154054
5375,0,1.87394,-4883.1,0.473949,0.154667
5380,0,1.76426,-4883.44,1.28521,0.157895
5385,0,1.76426,-4883.44,1.28521,0.155844
5390,0,1.76426,-4883.44,1.28521,0.153846
5395,0,1.75079,-4883.44,1.48733,0.15443
5400,0,1.8208,-4883.44,0.437167,0.1575
5405,0,1.83389,-4883.44,0.240833,0.158025
5410,0,1.83389,-4883.44,0.240833,0.156098
5415,0,1.83389,-4883.44,0.240833,0.154217
5420,0,1.82559,-4883.44,0.365286,0.154762
5425,0,1.83719,-4883.44,0.191284,0.155294
5430,0,1.81456,-4883.44,0.530744,0.155814
5435,0,1.81316,-4883.26,0.530744,0.156322
5440,0,1.81316,-4883.26,0.530744,0.154545
5445,0,1.81322,-4882.32,0.343737,0.157303
5450,0,1.81322,-4882.32,0.343737,0.155556
5455,0,1.79749,-4882.87,0.343737,0.156044
5460,0,1.73944,-4882.87,1.21457,0.156522
5465,0,1.68697,-4882.87,2.00151,0.156989
5470,0,1.71532,-4882.87,1.57633,0.159574
5475,0,1.71532,-4882.87,1.57633,0.157895
5480,0,1.69767,-4882.8,1.57633,0.158333
5485,0,1.73159,-4882.8,1.06748,0.158763
5490,0,1.67017,-4883.91,1.753,0.163265
5495,0,1.67017,-4883.91,1.753,0.161616
5500,0,1.67017,-4883.91,1.753,0.16
5505,0,1.67017,-4883.91,1.753,0
5510,0,1.67017,-4883.91,1.753,0
5515,0,1.67017,-4883.91,1.753,0
5520,0,1.70431,-4883.91,1.24086,0.05
5525,0,1.7675,-4883.91,0.29306,0.08
5530,0,1.78006,-4883.91,0.104707,0.1
5535,0,1.77264,-4883.66,0.104707,0.114286
5540,0,1.77205,-4883.66,0.113567,0.125
5545,0,1.76642,-4883.66,0.197953,0.155556
5550,0,1.76642,-4883.66,0.197953,0.14
5555,0,1.76856,-4883.71,0.197953,0.145455
5560,0,1.75977,-4883.71,0.329787,0.15
5565,0,1.75977,-4883.71,0.329787,0.138462
5570,0,1.77349,-4883.71,0.124083,0.142857
5575,0,1.77349,-4883.71,0.124083,0.133333
5580,0,1.77349,-4883.71,0.124083,0.125
5585,0,1.73441,-4883.71,0.710262,0.129412
5590,0,1.68824,-4883.71,1.40278,0.133333
5595,0,1.68863,-4883.71,1.3969,0.136842
5600,0,1.74326,-4883.71,0.577438,0.14
5605,0,1.73609,-4883.61,0.577438,0.142857
5610,0,1.73609,-4883.61,0.577438,0.136364
5615,0,1.73609,-4883.61,0.577438,0.130435
5620,0,1.76889,-4883.61,0.0854059,0.133333
5625,0,1.76889,-4883.61,0.0854059,0.128
5630,0,1.76256,-4883.61,0.180396,0.130769
5635,0,1.76256,-4883.61,0.180396,0.125926
5640,0,1.76256,-4883.61,0.180396,0.121429
5645,0,1.76256,-4883.61,0.180396,0.117241
5650,0,1.76573,-4883.61,0.132875,0.126667
5655,0,1.73499,-4883.61,0.5939,0.129032
5660,0,1.73499,-4883.61,0.5939,0.125
5665,0,1.73499,-4883.61,0.5939,0.121212
5670,0,1.73499,-4883.61,0.5939,0.117647
5675,0,1.73499,-4883.61,0.5939,0.114286
5680,0,1.55637,-4883.61,3.27329,0.116667
5685,0,1.55637,-4883.61,3.27329,0.113514
5690,0,1.74334,-4883.61,0.46868,0.115789
5695,0,1.76224,-4883.61,0.185114,0.117949
5700,0,1.7697,-4883.61,0.0733421,0.12
5705,0,1.74333,-4883.61,0.468788,0.121951
5710,0,1.74333,-4883.61,0.468788,0.119048
5715,0,1.76686,-4883.61,0.115803,0.130233
5720,0,1.76686,-4883.61,0.115803,0.127273
5725,0,1.77178,-4883.61,0.0421105,0.128889
5730,0,1.7697,-4883.61,0.0732435,0.130435
5735,0,1.77055,-4883.61,0.0604714,0.131915
5740,0,1.77286,-4883.61,0.0259409,0.141667
5745,0,1.77286,-4883.61,0.0259409,0.138776
5750,0,1.77286,-4883.61,0.0259409,0.136
5755,0,1.7626,-4883.61,0.17973,0.137255
5760,0,1.76307,-4883.61,0.172721,0.138462
5765,0,1.76176,-4883.61,0.192324,0.139623
5770,0,1.67226,-4883.61,1.53486,0.144444
5775,0,1.67226,-4883.61,1.53486,0.141818
5780,0,1.72518,-4883.61,0.741056,0.142857
5785,0,1.70044,-4883.61,1.11212,0.147368
5790,0,1.70044,-4883.61,1.11212,0.144828
5795,0,1.75142,-4883.61,0.347439,0.145763
5800,0,1.76099,-4883.61,0.203857,0.146667
5805,0,1.71509,-4883.61,0.892458,0.147541
5810,0,1.71842,-4883.63,0.892458,0.148387
5815,0,1.71842,-4883.63,0.892458,0.146032
5820,0,1.66708,-4884.66,1.97051,0.15
5825,0,1.66386,-4884.4,1.97051,0.150769
5830,0,1.66386,-4884.4,1.97051,0.148485
5835,0,1.63547,-4884.4,2.39635,0.152239
5840,0,1.66395,-4882.68,2.39635,0.152941
5845,0,1.74676,-4883.15,1.24971,0.15942
5850,0,1.75094,-4883.15,1.18712,0.16
5855,0,1.78708,-4882.26,1.18712,0.160563
5860,0,1.78708,-4882.26,1.18712,0.158333
5865,0,1.78708,-4882.26,1.18712,0.156164
5870,0,1.84533,-4882.26,0.313297,0.156757
5875,0,1.84533,-4882.26,0.313297,0.154667
5880,0,1.81471,-4882.26,0.772568,0.155263
5885,0,1.81929,-4882.26,0.703938,0.155844
5890,0,1.81929,-4882.26,0.703938,0.153846
5895,0,1.81929,-4882.26,0.703938,0.151899
5900,0,1.7832,-4882.26,1.24524,0.1525
5905,0,1.82558,-4882.26,0.609484,0.153086
5910,0,1.82558,-4882.26,0.609484,0.15122
5915,0,1.82558,-4882.26,0.609484,0.149398
5920,0,1.85435,-4882.26,0.177971,0.152381
5925,0,1.84569,-4882.04,0.177971,0.152941
5930,0,1.84569,-4882.04,0.177971,0.151163
5935,0,1.84569,-4882.04,0.177971,0.149425
5940,0,1.84183,-4882.04,0.235756,0.15
5945,0,1.81296,-4882.31,0.44244,0.155056
5950,0,1.81296,-4882.31,0.44244,0.153333
5955,0,1.79402,-4882.03,0.918057,0.156044
5960,0,1.84509,-4882.03,0.151887,0.158696
5965,0,1.84509,-4882.03,0.151887,0.156989
5970,0,1.84509,-4882.03,0.151887,0.155319
5975,0,1.84509,-4882.03,0.151887,0.153684
5980,0,1.85107,-4882.03,0.0623046,0.154167
5985,0,1.85107,-4882.03,0.0623046,0.152577
5990,0,1.85107,-4882.03,0.0623046,0.15102
5995,0,1.85107,-4882.03,0.0623046,0.149495
6000,0,1.88674,-4881.01,0.0620262,0.168472
6005,0,1.88897,-4881.01,0.0285085,0.2
6010,0,1.89004,-4881.01,0.0125474,0.2
6015,0,1.89004,-4881.01,0.0125474,0.133333
6020,0,1.89069,-4881.01,0.00274748,0.2
6025,0,1.89021,-4881.01,0.0099883,0.2
6030,0,1.89021,-4881.01,0.0099883,0.166667
6035,0,1.89021,-4881.01,0.0099883,0.142857
6040,0,1.89021,-4881.01,0.0099883,0.125
6045,0,1.88776,-4881.01,0.0467367,0.133333
6050,0,1.88776,-4881.01,0.0467367,0.12
6055,0,1.86852,-4881.01,0.335316,0.181818
6060,0,1.86852,-4881.01,0.335316,0.166667
6065,0,1.82625,-4881.01,0.96933,0.169231
6070,0,1.87692,-4881.01,0.209274,0.171429
6075,0,1.84729,-4881.01,0.653779,0.173333
6080,0,1.84729,-4881.01,0.653779,0.1625
6085,0,1.83187,-4881.01,0.885125,0.164706
6090,0,1.83187,-4881.01,0.885125,0.155556
6095,0,1.86022,-4881.01,0.459855,0.157895
6100,0,1.86784,-4881.01,0.345494,0.16
6105,0,1.86784,-4881.01,0.345494,0.152381
6110,0,1.86784,-4881.01,0.345494,0.145455
6115,0,1.87906,-4881.01,0.177221,0.147826
6120,0,1.87906,-4881.01,0.177221,0.141667
6125,0,1.85704,-4881.01,0.507494,0.144
6130,0,1.86285,-4881.08,0.507494,0.146154
6135,0,1.8899,-4881.08,0.10181,0.155556
6140,0,1.87586,-4881.01,0.209621,0.164286
6145,0,1.88342,-4881.01,0.0962128,0.165517
6150,0,1.88342,-4881.01,0.0962128,0.16
6155,0,1.88765,-4881.01,0.0326709,0.16129
6160,0,1.87667,-4882.8,0.0883611,0.16875
6165,0,1.82631,-4881.96,0.0883611,0.169697
6170,0,1.82631,-4881.96,0.0883611,0.164706
6175,0,1.82631,-4881.96,0.0883611,0.16
6180,0,1.81617,-4881.96,0.240328,0.161111
6185,0,1.81617,-4881.96,0.240328,0.156757
6190,0,1.81319,-4881.96,0.285032,0.157895
6195,0,1.82464,-4881.96,0.113329,0.158974
6200,0,1.80868,-4881.96,0.352715,0.165
6205,0,1.71995,-4881.96,1.68375,0.165854
6210,0,1.70463,-4881.96,1.91343,0.166667
6215,0,1.68061,-4881.96,2.27382,0.167442
6220,0,1.68061,-4881.96,2.27382,0.163636
6225,0,1.69884,-4881.21,2.27382,0.164444
6230,0,1.7063,-4881.21,2.16195,0.165217
6235,0,1.71606,-4881.31,2.16195,0.165957
6240,0,1.80303,-4881.31,0.857406,0.166667
6245,0,1.80303,-4881.31,0.857406,0.163265
6250,0,1.83966,-4881.31,0.307904,0.164
6255,0,1.83966,-4881.31,0.307904,0.160784
6260,0,1.79374,-4881.31,0.99671,0.165385
6265,0,1.79374,-4881.31,0.99671,0.162264
6270,0,1.79374,-4881.31,0.99671,0.159259
6275,0,1.81246,-4881.31,0.715905,0.163636
6280,0,1.81951,-4881.31,0.610159,0.164286
6285,0,1.81951,-4881.31,0.610159,0.161404
6290,0,1.73052,-4880.73,2.11274,0.165517
6295,0,1.67176,-4880.73,2.99411,0.166102
6300,0,1.67176,-4880.73,2.99411,0.163333
6305,0,1.67176,-4880.73,2.99411,0.160656
6310,0,1.67176,-4880.73,2.99411,0.158065
6315,0,1.83846,-4880.86,0.413595,0.165079
6320,0,1.83846,-4880.86,0.413595,0.1625
6325,0,1.7542,-4880.86,1.67756,0.163077
6330,0,1.7542,-4880.86,1.67756,0.160606
6335,0,1.83683,-4880.86,0.438122,0.161194
6340,0,1.78534,-4880.86,1.21045,0.161765
6345,0,1.78534,-4880.86,1.21045,0.15942
6350,0,1.78534,-4880.86,1.21045,0.157143
6355,0,1.78534,-4880.86,1.21045,0.15493
6360,0,1.83114,-4880.86,0.523414,0.155556
6365,0,1.83114,-4880.86,0.523414,0.153425
6370,0,1.81688,-4880.86,0.737282,0.154054
6375,0,1.85652,-4880.86,0.142699,0.154667
6380,0,1.85652,-4880.86,0.142699,0.152632
6385,0,1.85652,-4880.86,0.142699,0.150649
6390,0,1.86059,-4880.86,0.0816243,0.151282
6395,0,1.85558,-4880.86,0.156827,0.151899
6400,0,1.85792,-4880.86,0.12177,0.155
6405,0,1.83197,-4880.86,0.511011,0.155556
6410,0,1.81525,-4880.86,0.761783,0.156098
6415,0,1.81525,-4880.86,0.761783,0.154217
6420,0,1.81525,-4880.86,0.761783,0.152381
6425,0,1.82973,-4880.86,0.544541,0.152941
6430,0,1.82973,-4880.86,0.544541,0.151163
6435,0,1.85572,-4880.86,0.154768,0.156322
6440,0,1.84787,-4880.86,0.272421,0.161364
6445,0,1.85347,-4880.86,0.188417,0.161798
6450,0,1.85347,-4880.86,0.188417,0.16
6455,0,1.85347,-4880.86,0.188417,0.158242
6460,0,1.85347,-4880.86,0.188417,0.156522
6465,0,1.86058,-4880.86,0.081831,0.156989
6470,0,1.86058,-4880.86,0.081831,0.155319
6475,0,1.86058,-4880.86,0.081831,0.153684
6480,0,1.86058,-4880.86,0.081831,0.152083
6485,0,1.75018,-4880.86,1.73778,0.154639
6490,0,1.75018,-4880.86,1.73778,0.153061
6495,0,1.75018,-4880.86,1.73778,0.151515
6500,0,1.8004,-4880.86,0.984547,0.152
6505,0,1.8004,-4880.86,0.984547,0
6510,0,1.81474,-4880.86,0.76943,0.2
6515,0,1.84409,-4880.86,0.329107,0.2
6520,0,1.84409,-4880.86,0.329107,0.15
6525,0,1.85652,-4880.86,0.142667,0.24
6530,0,1.85289,-4880.86,0.197162,0.233333
6535,0,1.82849,-4880.86,0.563142,0.228571
6540,0,1.80042,-4880.86,0.984142,0.225
6545,0,1.80042,-4880.86,0.984142,0.2
6550,0,1.79181,-4881.62,0.984142,0.2
6555,0,1.79181,-4881.62,0.984142,0.181818
6560,0,1.79181,-4881.62,0.984142,0.166667
6565,0,1.79181,-4881.62,0.984142,0.153846
6570,0,1.8219,-4881.62,0.532714,0.157143
6575,0,1.82155,-4881.62,0.538012,0.16
6580,0,1.82155,-4881.62,0.538012,0.15
6585,0,1.82155,-4881.62,0.538012,0.141176
6590,0,1.80698,-4881.62,0.756569,0.144444
6595,0,1.8465,-4881.62,0.163775,0.157895
6600,0,1.85101,-4881.62,0.0960995,0.16
6605,0,1.85101,-4881.62,0.0960995,0.152381
6610,0,1.85101,-4881.62,0.0960995,0.145455
6615,0,1.84446,-4881.62,0.194375,0.147826
6620,0,1.83091,-4881.62,0.397585,0.158333
6625,0,1.76626,-4881.62,1.3674,0.16
6630,0,1.76626,-4881.62,1.3674,0.153846
6635,0,1.78878,-4881.06,1.3674,0.155556
6640,0,1.84383,-4881.06,0.541546,0.157143
6645,0,1.8147,-4881.06,0.978578,0.165517
6650,0,1.8147,-4881.06,0.978578,0.16
6655,0,1.8147,-4881.06,0.978578,0.154839
6660,0,1.84927,-4881.06,0.460057,0.15625
6665,0,1.84927,-4881.06,0.460057,0.151515
6670,0,1.84323,-4881.58,0.460057,0.152941
6675,0,1.85276,-4880.87,0.989593,0.16
6680,0,1.85276,-4880.87,0.989593,0.155556
6685,0,1.85276,-4880.87,0.989593,0.151351
6690,0,1.85276,-4880.87,0.989593,0.147368
6695,0,1.82525,-4880.87,1.40229,0.158974
6700,0,1.82525,-4880.87,1.40229,0.155
6705,0,1.71145,-4880.87,3.10925,0.156098
6710,0,1.71145,-4880.87,3.10925,0.152381
6715,0,1.67779,-4880.72,3.10925,0.153488
6720,0,1.67779,-4880.72,3.10925,0.15
6725,0,1.86349,-4880.34,0.63798,0.155556
6730,0,1.86349,-4880.34,0.63798,0.152174
6735,0,1.86349,-4880.34,0.63798,0.148936
6740,0,1.87516,-4880.3,0.63798,0.15
6745,0,1.89587,-4880.3,0.327336,0.155102
6750,0,1.89587,-4880.3,0.327336,0.152
6755,0,1.89587,-4880.3,0.327336,0.14902
6760,0,1.90331,-4880.11,0.466994,0.157692
6765,0,1.90331,-4880.11,0.466994,0.154717
6770,0,1.82399,-4880.11,1.65673,0.155556
6775,0,1.81304,-4880.11,1.82101,0.156364
6780,0,1.81304,-4880.11,1.82101,0.153571
6785,0,1.59498,-4880.11,5.09196,0.154386
6790,0,1.59692,-4880.06,5.09196,0.155172
6795,0,1.87906,-4880.06,0.859853,0.155932
6800,0,1.87906,-4880.06,0.859853,0.153333
6805,0,1.88175,-4880.06,0.819569,0.154098
6810,0,1.88175,-4880.06,0.819569,0.151613
6815,0,1.92995,-4880.06,0.0965506,0.155556
6820,0,1.90556,-4880.06,0.462317,0.159375
6825,0,1.91472,-4880.06,0.324922,0.16
6830,0,1.91472,-4880.06,0.324922,0.157576
6835,0,1.91472,-4880.06,0.324922,0.155224
6840,0,1.91472,-4880.06,0.324922,0.152941
6845,0,1.91472,-4880.06,0.324922,0.150725
6850,0,1.89828,-4880.06,0.571568,0.151429
6855,0,1.89828,-4880.06,0.571568,0.149296
6860,0,1.83429,-4880.06,1.53139,0.15
6865,0,1.83429,-4880.06,1.53139,0.147945
6870,0,1.83429,-4880.06,1.53139,0.145946
6875,0,1.91073,-4880.07,0.39946,0.149333
6880,0,1.86778,-4880.07,1.04363,0.15
6885,0,1.79021,-4880.07,2.20713,0.153247
6890,0,1.79021,-4880.07,2.20713,0.151282
6895,0,1.79021,-4880.07,2.20713,0.149367
6900,0,1.79021,-4880.07,2.20713,0.1475
6905,0,1.79021,-4880.07,2.20713,0.145679
6910,0,1.93355,-4880.11,0.0926766,0.15122
6915,0,1.93422,-4880.11,0.0825844,0.151807
6920,0,1.93422,-4880.11,0.0825844,0.15
6925,0,1.91029,-4880.88,0.031912,0.152941
6930,0,1.91029,-4880.88,0.031912,0.151163
6935,0,1.91026,-4880.88,0.0323001,0.156322
6940,0,1.90562,-4880.88,0.101953,0.156818
6945,0,1.90562,-4880.88,0.101953,0.155056
6950,0,1.89468,-4880.88,0.26613,0.155556
6955,0,1.89468,-4880.88,0.26613,0.153846
6960,0,1.89107,-4880.88,0.320275,0.154348
6965,0,1.88473,-4880.88,0.415337,0.156989
6970,0,1.88473,-4880.88,0.415337,0.155319
6975,0,1.88473,-4880.88,0.415337,0.153684
6980,0,1.88473,-4880.88,0.415337,0.152083
6985,0,1.82206,-4880.88,1.35531,0.152577
6990,0,1.82206,-4880.88,1.35531,0.15102
6995,0,1.91215,-4880.08,0.389808,0.153535
7000,0,1.73611,-4883.63,2.15053,0.152667
7005,0,1.73611,-4883.63,2.15053,0
7010,0,1.74304,-4882.34,2.15053,0.1
7015,0,1.77094,-4882.02,1.06466,0.2
7020,0,1.80786,-4882.02,0.510907,0.2
7025,0,1.8044,-4881.86,0.510907,0.2
7030,0,1.73176,-4881.86,1.60063,0.233333
7035,0,1.72496,-4881.86,1.70255,0.228571
7040,0,1.81377,-4881.86,0.37045,0.25
7045,0,1.81377,-4881.86,0.37045,0.222222
7050,0,1.77581,-4881.86,0.939771,0.22
7055,0,1.77581,-4881.86,0.939771,0.2
7060,0,1.8021,-4881.86,0.545453,0.2
7065,0,1.76588,-4881.86,1.08881,0.2
7070,0,1.81111,-4881.86,0.410254,0.2
7075,0,1.78453,-4881.86,0.809018,0.2
7080,0,1.7952,-4881.86,0.648982,0.2
7085,0,1.79768,-4881.86,0.611698,0.2
7090,0,1.79768,-4881.86,0.611698,0.188889
7095,0,1.74328,-4881.86,1.42775,0.189474
7100,0,1.74328,-4881.86,1.42775,0.18
7105,0,1.76924,-4881.86,1.0383,0.180952
7110,0,1.74998,-4881.86,1.32723,0.181818
7115,0,1.72734,-4881.86,1.6669,0.191304
7120,0,1.72734,-4881.86,1.6669,0.183333
7125,0,1.72734,-4881.86,1.6669,0.176
7130,0,1.79492,-4882.77,0.821267,0.184615
7135,0,1.8119,-4882.77,0.566534,0.185185
7140,0,1.8119,-4882.77,0.566534,0.178571
7145,0,1.81083,-4882.77,0.582609,0.17931
7150,0,1.81083,-4882.77,0.582609,0.173333
7155,0,1.81011,-4882.77,0.593339,0.174194
7160,0,1.76867,-4882.77,1.21493,0.175
7165,0,1.76867,-4882.77,1.21493,0.169697
7170,0,1.76867,-4882.77,1.21493,0.164706
7175,0,1.83499,-4882.77,0.220194,0.165714
7180,0,1.84342,-4882.77,0.0938117,0.166667
7185,0,1.71033,-4882.77,2.09004,0.172973
7190,0,1.82395,-4882.77,0.385817,0.173684
7195,0,1.81335,-4882.33,0.486539,0.179487
7200,0,1.79463,-4882.33,0.767362,0.18
7205,0,1.79463,-4882.33,0.767362,0.17561
7210,0,1.79463,-4882.33,0.767362,0.171429
7215,0,1.79463,-4882.33,0.767362,0.167442
7220,0,1.83331,-4881.2,0.644756,0.177273
7225,0,1.83331,-4881.2,0.644756,0.173333
7230,0,1.85433,-4881.2,0.329431,0.173913
7235,0,1.80321,-4881.2,1.09612,0.174468
7240,0,1.82657,-4881.2,0.7458,0.175
7245,0,1.81802,-4881.2,0.874017,0.17551
7250,0,1.81802,-4881.2,0.874017,0.172
7255,0,1.81802,-4881.2,0.874017,0.168627
7260,0,1.80699,-4881.2,1.03943,0.169231
7265,0,1.80699,-4881.2,1.03943,0.166038
7270,0,1.80699,-4881.2,1.03943,0.162963
7275,0,1.80699,-4881.2,1.03943,0.16
7280,0,1.80699,-4881.2,1.03943,0.157143
7285,0,1.83298,-4881.2,0.649622,0.157895
7290,0,1.85177,-4881.2,0.367728,0.158621
7295,0,1.86404,-4881.2,0.183746,0.159322
7300,0,1.79499,-4881.2,1.21948,0.16
7305,0,1.82453,-4881.5,0.909925,0.167213
7310,0,1.82453,-4881.5,0.909925,0.164516
7315,0,1.83357,-4881.5,0.774321,0.165079
7320,0,1.83357,-4881.5,0.774321,0.1625
7325,0,1.85445,-4881.5,0.46099,0.169231
7330,0,1.85445,-4881.5,0.46099,0.166667
7335,0,1.75016,-4881.5,2.02541,0.167164
7340,0,1.8555,-4881.5,0.445315,0.167647
7345,0,1.8555,-4881.5,0.445315,0.165217
7350,0,1.81886,-4881.5,0.994862,0.165714
7355,0,1.81886,-4881.5,0.994862,0.16338
7360,0,1.79456,-4881.5,1.35939,0.163889
7365,0,1.79456,-4881.5,1.35939,0.161644
7370,0,1.82234,-4881.5,0.942738,0.162162
7375,0,1.82234,-4881.5,0.942738,0.16
7380,0,1.82234,-4881.5,0.942738,0.157895
7385,0,1.82234,-4881.5,0.942738,0.155844
7390,0,1.82234,-4881.5,0.942738,0.153846
7395,0,1.82234,-4881.5,0.942738,0.151899
7400,0,1.82234,-4881.5,0.942738,0.15
7405,0,1.87459,-4881.31,0.0913276,0.155556
7410,0,1.86408,-4881.31,0.2489,0.156098
7415,0,1.86408,-4881.31,0.2489,0.154217
7420,0,1.86408,-4881.31,0.2489,0.152381
7425,0,1.82084,-4881.31,0.897584,0.152941
7430,0,1.82084,-4881.31,0.897584,0.151163
7435,0,1.82084,-4881.31,0.897584,0.149425
7440,0,1.82084,-4881.31,0.897584,0.147727
7445,0,1.7735,-4881.31,1.60758,0.148315
7450,0,1.7735,-4881.31,1.60758,0.146667
7455,0,1.79632,-4881.31,1.26529,0.147253
7460,0,1.79632,-4881.31,1.26529,0.145652
7465,0,1.78578,-4881.31,1.42342,0.146237
7470,0,1.78578,-4881.31,1.42342,0.144681
7475,0,1.84083,-4881.31,0.59762,0.145263
7480,0,1.87536,-4881.31,0.0796691,0.152083
7485,0,1.87536,-4881.31,0.0796691,0.150515
7490,0,1.90297,-4882.08,0.0482359,0.153061
7495,0,1.90297,-4882.08,0.0482359,0.151515
7500,0,1.90552,-4882.08,0.00996935,0.152
7505,0,1.90468,-4882.08,0.0226448,0.2
7510,0,1.90143,-4880.68,0.0226448,0.2
7515,0,1.89845,-4880.68,0.0674282,0.2
7520,0,1.84991,-4880.68,0.79553,0.3
7525,0,1.83485,-4880.68,1.02141,0.28
7530,0,1.83485,-4880.68,1.02141,0.233333
7535,0,1.83485,-4880.68,1.02141,0.2
7540,0,1.83485,-4880.68,1.02141,0.175
7545,0,1.83485,-4880.68,1.02141,0.155556
7550,0,1.83485,-4880.68,1.02141,0.14
7555,0,1.83485,-4880.68,1.02141,0.127273
7560,0,1.83485,-4880.68,1.02141,0.116667
7565,0,1.86223,-4880.68,0.610696,0.123077
7570,0,1.80135,-4880.68,1.52392,0.128571
7575,0,1.80135,-4880.68,1.52392,0.12
7580,0,1.80135,-4880.68,1.52392,0.1125
7585,0,1.75547,-4880.68,2.21217,0.117647
7590,0,1.89337,-4880.68,0.143656,0.133333
7595,0,1.91657,-4880.48,0.0566837,0.147368
7600,0,1.91657,-4880.48,0.0566837,0.14
7605,0,1.91657,-4880.48,0.0566837,0.133333
7610,0,1.91929,-4880.48,0.0159372,0.136364
7615,0,1.92004,-4880.48,0.00463696,0.13913
7620,0,1.92004,-4880.48,0.00463696,0.133333
7625,0,1.9192,-4880.48,0.0171916,0.144
7630,0,1.91399,-4880.48,0.0953069,0.146154
7635,0,1.91399,-4880.48,0.0953069,0.140741
7640,0,1.91399,-4880.48,0.0953069,0.135714
7645,0,1.91667,-4880.48,0.0552,0.144828
7650,0,1.91163,-4880.48,0.130712,0.146667
7655,0,1.91712,-4880.48,0.0484016,0.148387
7660,0,1.91712,-4880.48,0.0484016,0.14375
7665,0,1.91803,-4880.48,0.0348494,0.145455
7670,0,1.91803,-4880.48,0.0348494,0.141176
7675,0,1.91823,-4880.48,0.0317506,0.142857
7680,0,1.92501,-4880.42,0.0317506,0.144444
7685,0,1.92501,-4880.42,0.0317506,0.140541
7690,0,1.92227,-4880.42,0.0728308,0.147368
7695,0,1.90883,-4880.42,0.27441,0.148718
7700,0,1.84324,-4880.42,1.2582,0.155
7705,0,1.9037,-4880.42,0.351347,0.156098
7710,0,1.91092,-4880.42,0.243023,0.157143
7715,0,1.91092,-4880.42,0.243023,0.153488
7720,0,1.81188,-4880.42,1.72869,0.154545
7725,0,1.81188,-4880.42,1.72869,0.151111
7730,0,1.81188,-4880.42,1.72869,0.147826
7735,0,1.81188,-4880.42,1.72869,0.144681
7740,0,1.81188,-4880.42,1.72869,0.141667
7745,0,1.89946,-4880.42,0.414866,0.142857
7750,0,1.90958,-4880.42,0.263067,0.144
7755,0,1.91281,-4880.42,0.214617,0.145098
7760,0,1.87716,-4880.42,0.749384,0.146154
7765,0,1.87716,-4880.42,0.749384,0.143396
7770,0,1.91509,-4880.42,0.180503,0.144444
7775,0,1.91491,-4880.42,0.183138,0.145455
7780,0,1.92099,-4880.42,0.092054,0.146429
7785,0,1.92099,-4880.42,0.092054,0.14386
7790,0,1.92099,-4880.42,0.092054,0.141379
7795,0,1.9166,-4880.41,0.092054,0.142373
7800,0,1.9166,-4880.41,0.092054,0.14
7805,0,1.91234,-4880.41,0.155972,0.144262
7810,0,1.91364,-4880.41,0.136464,0.145161
7815,0,1.9107,-4880.41,0.180466,0.149206
7820,0,1.9113,-4880.41,0.171433,0.15
7825,0,1.82679,-4880.41,1.43914,0.153846
7830,0,1.88959,-4880.41,0.497164,0.154545
7835,0,1.89682,-4880.41,0.38863,0.155224
7840,0,1.89682,-4880.41,0.38863,0.152941
7845,0,1.89465,-4880.4,0.38863,0.153623
7850,0,1.90118,-4880.4,0.290673,0.154286
7855,0,1.91475,-4880.4,0.0870869,0.15493
7860,0,1.91953,-4880.4,0.0153902,0.155556
7865,0,1.91866,-4880.4,0.0283647,0.156164
7870,0,1.91866,-4880.4,0.0283647,0.154054
7875,0,1.91823,-4880.4,0.0348659,0.154667
7880,0,1.91022,-4880.4,0.155033,0.157895
7885,0,1.91022,-4880.4,0.155033,0.155844
7890,0,1.91022,-4880.4,0.155033,0.153846
7895,0,1.88514,-4880.4,0.531227,0.159494
7900,0,1.88514,-4880.4,0.531227,0.1575
7905,0,1.87759,-4880.4,0.644553,0.158025
7910,0,1.89,-4881.76,0.876344,0.160976
7915,0,1.9258,-4881.76,0.339382,0.161446
7920,0,1.9258,-4881.76,0.339382,0.159524
7925,0,1.94227,-4881.76,0.0923168,0.16
7930,0,1.90781,-4881.76,0.609272,0.160465
7935,0,1.81435,-4881.76,2.0111,0.16092
7940,0,1.81435,-4881.76,2.0111,0.159091
7945,0,1.84433,-4881.44,2.0111,0.159551
7950,0,1.84433,-4881.44,2.0111,0.157778
7955,0,1.94606,-4881.44,0.485141,0.158242
7960,0,1.91957,-4881.44,0.882401,0.16087
7965,0,1.91957,-4881.44,0.882401,0.15914
7970,0,1.88922,-4881.44,1.33767,0.159574
7975,0,1.88922,-4881.44,1.33767,0.157895
7980,0,1.95117,-4881.44,0.408471,0.158333
7985,0,1.91735,-4882.38,0.408471,0.158763
7990,0,1.92042,-4882.75,0.408471,0.161224
7995,0,1.92042,-4882.75,0.408471,0.159596
8000,0,1.80003,-4881.86,2.11971,0.163273
8005,0,1.80003,-4881.86,2.11971,0
8010,0,1.82807,-4878.82,2.11971,0.1
8015,0,1.82807,-4878.82,2.11971,0.0666667
8020,0,1.9353,-4878.82,0.511342,0.1
8025,0,1.90738,-4878.82,0.930057,0.16
8030,0,1.90738,-4878.82,0.930057,0.133333
8035,0,1.85352,-4880.21,1.40991,0.171429
8040,0,1.85352,-4880.21,1.40991,0.15
8045,0,1.91881,-4880.21,0.430532,0.155556
8050,0,1.88717,-4880.38,0.430532,0.16
8055,0,1.89057,-4880.66,0.430532,0.181818
8060,0,1.89057,-4880.66,0.430532,0.166667
8065,0,1.83292,-4879.5,1.40689,0.184615
8070,0,1.83292,-4879.5,1.40689,0.171429
8075,0,1.85875,-4881.85,1.40689,0.173333
8080,0,1.91726,-4881.85,0.529271,0.175
8085,0,1.91726,-4881.85,0.529271,0.164706
8090,0,1.95404,-4879.7,0.529271,0.166667
8095,0,1.96066,-4879.7,0.430008,0.178947
8100,0,1.96066,-4879.7,0.430008,0.17
8105,0,1.8413,-4879.7,2.2203,0.171429
8110,0,1.94434,-4879.7,0.674709,0.181818
8115,0,1.94434,-4879.7,0.674709,0.173913
8120,0,1.88896,-4879.7,1.50548,0.175
8125,0,1.88829,-4879.74,1.50548,0.176
8130,0,1.88829,-4879.74,1.50548,0.169231
8135,0,1.80093,-4879.74,2.81578,0.17037
8140,0,1.80093,-4879.74,2.81578,0.164286
8145,0,1.80093,-4879.74,2.81578,0.158621
8150,0,1.80093,-4879.74,2.81578,0.153333
8155,0,1.7859,-4878.35,2.81578,0.154839
8160,0,1.7859,-4878.35,2.81578,0.15
8165,0,1.896,-4878.35,1.16424,0.151515
8170,0,1.896,-4878.35,1.16424,0.147059
8175,0,1.896,-4878.35,1.16424,0.142857
8180,0,1.93996,-4878.35,0.50486,0.144444
8185,0,1.95636,-4878.35,0.258857,0.156757
8190,0,1.95636,-4878.35,0.258857,0.152632
8195,0,1.87584,-4878.35,1.46656,0.153846
8200,0,1.87584,-4878.35,1.46656,0.15
8205,0,1.87584,-4878.35,1.46656,0.146341
8210,0,1.93206,-4878.35,0.62331,0.147619
8215,0,1.92866,-4878.35,0.674367,0.153488
8220,0,1.8543,-4878.35,1.78969,0.159091
8225,0,1.87625,-4878.35,1.4605,0.16
8230,0,1.93841,-4878.35,0.528054,0.169565
8235,0,1.93841,-4878.35,0.528054,0.165957
8240,0,1.93899,-4878.35,0.528054,0.166667
8245,0,1.91164,-4878.35,0.93828,0.167347
8250,0,1.91164,-4878.35,0.93828,0.164
8255,0,1.91164,-4878.35,0.93828,0.160784
8260,0,1.9493,-4878.35,0.37334,0.161538
8265,0,1.94694,-4878.38,0.37334,0.162264
8270,0,1.94694,-4878.38,0.37334,0.159259
8275,0,1.94694,-4878.38,0.37334,0.156364
8280,0,1.95091,-4878.38,0.313766,0.157143
8285,0,1.91595,-4878.38,0.838148,0.157895
8290,0,1.91595,-4878.38,0.838148,0.155172
8295,0,1.91595,-4878.38,0.838148,0.152542
8300,0,1.89596,-4878.38,1.13799,0.153333
8305,0,1.883,-4878.48,1.13799,0.154098
8310,0,1.883,-4878.48,1.13799,0.151613
8315,0,1.93676,-4878.68,0.66803,0.155556
8320,0,1.93676,-4878.68,0.66803,0.153125
8325,0,1.80175,-4878.68,2.69321,0.153846
8330,0,1.80175,-4878.68,2.69321,0.151515
8335,0,1.93375,-4878.68,0.713174,0.152239
8340,0,1.93375,-4878.68,0.713174,0.15
8345,0,1.95723,-4878.68,0.361037,0.150725
8350,0,1.97104,-4878.68,0.153848,0.151429
8355,0,1.97008,-4878.68,0.168286,0.152113
8360,0,1.9794,-4878.68,0.0283697,0.155556
8365,0,1.96457,-4878.49,0.178338,0.161644
8370,0,1.974,-4878.49,0.0369117,0.162162
8375,0,1.974,-4878.49,0.0369117,0.16
8380,0,1.974,-4878.49,0.0369117,0.157895
8385,0,1.98509,-4878.78,0.0369117,0.158442
8390,0,1.98509,-4878.78,0.0369117,0.15641
8395,0,1.98509,-4878.78,0.0369117,0.15443
8400,0,1.97487,-4878.78,0.190149,0.1575
8405,0,1.97487,-4878.78,0.190149,0.155556
8410,0,1.96617,-4878.78,0.320667,0.158537
8415,0,1.94737,-4878.78,0.602705,0.159036
8420,0,1.8954,-4878.78,1.3823,0.159524
8425,0,1.91519,-4878.78,1.08546,0.16
8430,0,1.91519,-4878.78,1.08546,0.15814
8435,0,1.91519,-4878.78,1.08546,0.156322
8440,0,1.91519,-4878.78,1.08546,0.154545
8445,0,1.91519,-4878.78,1.08546,0.152809
8450,0,1.88237,-4878.78,1.57769,0.155556
8455,0,1.97182,-4878.78,0.235931,0.156044
8460,0,1.97182,-4878.78,0.235931,0.154348
8465,0,1.96561,-4878.96,0.235931,0.154839
8470,0,1.96561,-4878.96,0.235931,0.153191
8475,0,1.94895,-4878.96,0.485901,0.155789
8480,0,1.82161,-4878.96,2.396,0.15625
8485,0,1.89907,-4878.96,1.23406,0.158763
8490,0,1.89907,-4878.96,1.23406,0.157143
8495,0,1.77899,-4878.96,3.03532,0.157576
8500,0,1.78735,-4878.74,3.03532,0.158
8505,0,1.76628,-4879.78,3.03532,0.2
8510,0,1.76628,-4879.78,3.03532,0.1
8515,0,1.77435,-4879.19,3.03532,0.133333
8520,0,1.90142,-4879.19,1.12932,0.15
8525,0,1.96425,-4879.19,0.186851,0.16
8530,0,1.98176,-4880.07,0.0747703,0.233333
8535,0,1.97329,-4880.07,0.201729,0.228571
8540,0,1.97329,-4880.07,0.201729,0.2
8545,0,1.91974,-4880.07,1.00506,0.2
8550,0,1.97822,-4879.47,0.753609,0.24
8555,0,1.97822,-4879.47,0.753609,0.218182
8560,0,2.01126,-4879.47,0.257965,0.233333
8565,0,2.01825,-4879.47,0.153167,0.230769
8570,0,2.01869,-4879.47,0.146555,0.228571
8575,0,2.01869,-4879.47,0.146555,0.213333
8580,0,2.00019,-4879.47,0.423974,0.2125
8585,0,1.92948,-4879.47,1.48467,0.211765
8590,0,1.92948,-4879.47,1.48467,0.2
8595,0,1.92948,-4879.47,1.48467,0.189474
8600,0,1.9094,-4879.47,1.78593,0.19
8605,0,1.9094,-4879.47,1.78593,0.180952
8610,0,2.00384,-4879.47,0.369325,0.190909
8615,0,2.01232,-4879.47,0.242105,0.191304
8620,0,1.81615,-4879.47,3.18459,0.2
8625,0,1.79952,-4879.47,3.43405,0.2
8630,0,1.79952,-4879.47,3.43405,0.192308
8635,0,1.79952,-4879.47,3.43405,0.185185
8640,0,1.79952,-4879.47,3.43405,0.178571
8645,0,1.75978,-4879.9,3.43405,0.17931
8650,0,1.75978,-4879.9,3.43405,0.173333
8655,0,1.95215,-4879.9,0.548483,0.174194
8660,0,1.96666,-4879.14,0.250724,0.18125
8665,0,1.96666,-4879.14,0.250724,0.175758
8670,0,1.95197,-4879.14,0.471049,0.182353
8675,0,1.95306,-4879.14,0.454703,0.182857
8680,0,1.85597,-4879.14,1.91115,0.183333
8685,0,1.85597,-4879.14,1.91115,0.178378
8690,0,1.85118,-4879.43,1.91115,0.178947
8695,0,1.85118,-4879.43,1.91115,0.174359
8700,0,1.95161,-4879.43,0.40476,0.175
8705,0,1.94778,-4879.43,0.462104,0.17561
8710,0,1.94903,-4879.43,0.443352,0.17619
8715,0,1.98285,-4879.17,0.443352,0.176744
8720,0,1.9508,-4879.17,0.924055,0.181818
8725,0,1.9508,-4879.17,0.924055,0.177778
8730,0,1.9508,-4879.17,0.924055,0.173913
8735,0,1.9508,-4879.17,0.924055,0.170213
8740,0,1.9508,-4879.17,0.924055,0.166667
8745,0,1.99555,-4879.17,0.252745,0.171429
8750,0,1.97105,-4879.17,0.620339,0.176
8755,0,1.97105,-4879.17,0.620339,0.172549
8760,0,1.97105,-4879.17,0.620339,0.169231
8765,0,1.93595,-4879.17,1.14677,0.169811
8770,0,1.93595,-4879.17,1.14677,0.166667
8775,0,1.93595,-4879.17,1.14677,0.163636
8780,0,1.93595,-4879.17,1.14677,0.160714
8785,0,1.93595,-4879.17,1.14677,0.157895
8790,0,1.93595,-4879.17,1.14677,0.155172
8795,0,1.93595,-4879.17,1.14677,0.152542
8800,0,1.93595,-4879.17,1.14677,0.15
8805,0,1.93595,-4879.17,1.14677,0.147541
8810,0,1.95468,-4879.17,0.86592,0.148387
8815,0,1.95468,-4879.17,0.86592,0.146032
8820,0,1.9739,-4879.17,0.577555,0.146875
8825,0,1.9739,-4879.17,0.577555,0.144615
8830,0,1.9739,-4879.17,0.577555,0.142424
8835,0,1.9739,-4879.17,0.577555,0.140299
8840,0,1.9739,-4879.17,0.577555,0.138235
8845,0,1.97091,-4879.17,0.622347,0.13913
8850,0,1.97091,-4879.17,0.622347,0.137143
8855,0,1.97091,-4879.17,0.622347,0.135211
8860,0,1.97091,-4879.17,0.622347,0.133333
8865,0,1.97091,-4879.17,0.622347,0.131507
8870,0,1.98471,-4879.17,0.415329,0.132432
8875,0,1.98471,-4879.17,0.415329,0.130667
8880,0,2.00768,-4879.17,0.0708573,0.131579
8885,0,1.989,-4879.17,0.351055,0.132468
8890,0,1.98602,-4879.17,0.395758,0.138462
8895,0,1.98602,-4879.17,0.395758,0.136709
8900,0,1.88951,-4879.17,1.84336,0.1375
8905,0,1.87947,-4879.17,1.99394,0.138272
8910,0,1.98138,-4879.17,0.465317,0.139024
8915,0,1.90161,-4879.17,1.66189,0.139759
8920,0,1.90161,-4879.17,1.66189,0.138095
8925,0,1.9636,-4879.17,0.7321,0.138824
8930,0,1.95635,-4879.17,0.840773,0.139535
8935,0,1.97109,-4879.17,0.619654,0.142529
8940,0,1.97109,-4879.17,0.619654,0.140909
8945,0,1.97712,-4879.17,0.529201,0.141573
8950,0,1.97712,-4879.17,0.529201,0.14
8955,0,1.97712,-4879.17,0.529201,0.138462
8960,0,1.99758,-4879.17,0.222316,0.13913
8965,0,1.99758,-4879.17,0.222316,0.137634
8970,0,2.00773,-4879.17,0.0700378,0.138298
8975,0,1.88498,-4879.17,1.91136,0.141053
8980,0,1.9966,-4879.17,0.237018,0.14375
8985,0,2.01002,-4879.17,0.0357807,0.14433
8990,0,1.99086,-4879.17,0.323132,0.146939
8995,0,1.93409,-4879.17,1.17474,0.147475
9000,0,2.00897,-4879.56,0.141922,0.1612
9005,0,2.00897,-4879.56,0.141922,0
9010,0,1.89783,-4879.56,1.809,0.3
9015,0,1.89783,-4879.56,1.809,0.2
9020,0,1.98095,-4879.56,0.562218,0.2
9025,0,1.93661,-4879.56,1.22732,0.2
9030,0,1.93549,-4879.56,1.24419,0.2
9035,0,1.93629,-4879.56,1.23219,0.228571
9040,0,1.93629,-4879.56,1.23219,0.2
9045,0,1.94432,-4879.87,1.23219,0.2
9050,0,1.93285,-4879.87,1.40415,0.2
9055,0,1.93285,-4879.87,1.40415,0.181818
9060,0,1.94183,-4879.87,1.26946,0.183333
9065,0,1.94183,-4879.87,1.26946,0.169231
9070,0,1.95713,-4879.87,1.04,0.171429
9075,0,1.95713,-4879.87,1.04,0.16
9080,0,1.95713,-4879.87,1.04,0.15
9085,0,2.01606,-4879.87,0.156038,0.152941
9090,0,2.01606,-4879.87,0.156038,0.144444
9095,0,1.95899,-4879.87,1.01215,0.147368
9100,0,1.66822,-4879.87,5.37365,0.15
9105,0,1.66822,-4879.87,5.37365,0.142857
9110,0,1.66706,-4879.87,5.39104,0.145455
9115,0,1.95879,-4880.37,1.32996,0.156522
9120,0,1.99435,-4880.37,0.796655,0.166667
9125,0,2.01651,-4880.37,0.464159,0.168
9130,0,2.01651,-4880.37,0.464159,0.161538
9135,0,2.01651,-4880.37,0.464159,0.155556
9140,0,2.02908,-4880.37,0.275609,0.164286
9145,0,2.03388,-4880.69,0.275609,0.165517
9150,0,1.99849,-4880.69,0.806525,0.166667
9155,0,2.02924,-4880.69,0.345162,0.167742
9160,0,1.99685,-4879.86,0.539683,0.175
9165,0,1.99685,-4879.86,0.539683,0.169697
9170,0,2.02088,-4879.86,0.179207,0.170588
9175,0,1.98572,-4879.86,0.706613,0.177143
9180,0,2.00621,-4879.86,0.399254,0.183333
9185,0,1.81611,-4882.35,2.65504,0.189189
9190,0,1.96153,-4882.35,0.473747,0.189474
9195,0,1.98883,-4882.35,0.0642092,0.189744
9200,0,1.98752,-4882.35,0.0839356,0.195
9205,0,1.98752,-4882.35,0.0839356,0.190244
9210,0,1.98917,-4882.35,0.0591455,0.190476
9215,0,1.98917,-4882.35,0.0591455,0.186047
9220,0,1.97662,-4882.35,0.247421,0.186364
9225,0,1.96937,-4882.35,0.356158,0.186667
9230,0,1.94483,-4879.03,0.345412,0.191304
9235,0,1.85369,-4879.03,1.71247,0.191489
9240,0,1.85369,-4879.03,1.71247,0.1875
9245,0,1.85369,-4879.03,1.71247,0.183673
9250,0,1.85369,-4879.03,1.71247,0.18
9255,0,1.85369,-4879.03,1.71247,0.176471
9260,0,1.85369,-4879.03,1.71247,0.173077
9265,0,1.87447,-4879.03,1.40069,0.177358
9270,0,1.95028,-4879.03,0.26366,0.181481
9275,0,1.95028,-4879.03,0.26366,0.178182
9280,0,1.95028,-4879.03,0.26366,0.175
9285,0,1.95028,-4879.03,0.26366,0.17193
9290,0,1.94553,-4879.03,0.334835,0.175862
9295,0,1.94553,-4879.03,0.334835,0.172881
9300,0,1.94553,-4879.03,0.334835,0.17
9305,0,1.95234,-4879.03,0.232698,0.170492
9310,0,1.96025,-4879.03,0.114026,0.170968
9315,0,1.96143,-4879.03,0.0963284,0.171429
9320,0,1.96143,-4879.03,0.0963284,0.16875
9325,0,1.96143,-4879.03,0.0963284,0.166154
9330,0,1.96195,-4879.03,0.088592,0.166667
9335,0,1.96195,-4879.03,0.088592,0.164179
9340,0,1.95761,-4879.03,0.15361,0.164706
9345,0,1.94978,-4879.27,0.412708,0.171014
9350,0,1.94978,-4879.27,0.412708,0.168571
9355,0,1.943,-4879.27,0.514447,0.171831
9360,0,1.943,-4879.27,0.514447,0.169444
9365,0,1.943,-4879.27,0.514447,0.167123
9370,0,1.943,-4879.27,0.514447,0.164865
9375,0,1.88424,-4879.27,1.39583,0.165333
9380,0,1.88424,-4879.27,1.39583,0.163158
9385,0,1.88424,-4879.27,1.39583,0.161039
9390,0,1.88424,-4879.27,1.39583,0.158974
9395,0,1.85564,-4879.27,1.82473,0.159494
9400,0,1.84828,-4879.27,1.93513,0.16
9405,0,1.87354,-4879.27,1.55627,0.160494
9410,0,1.95245,-4879.27,0.372671,0.160976
9415,0,1.88168,-4879.27,1.43412,0.161446
9420,0,1.91182,-4879.27,0.982129,0.161905
9425,0,1.92771,-4880.25,0.965182,0.164706
9430,0,1.92771,-4880.25,0.965182,0.162791
9435,0,1.97653,-4880.25,0.232872,0.163218
9440,0,1.9819,-4880.25,0.152364,0.163636
9445,0,1.98066,-4880.25,0.170952,0.164045
9450,0,1.95089,-4879.04,0.170952,0.164444
9455,0,1.8852,-4879.04,1.15624,0.164835
9460,0,1.8852,-4879.04,1.15624,0.163043
9465,0,1.8852,-4879.04,1.15624,0.16129
9470,0,1.89256,-4879.04,1.04589,0.161702
9475,0,1.89256,-4879.04,1.04589,0.16
9480,0,1.89256,-4879.04,1.04589,0.158333
9485,0,1.80914,-4879.04,2.29716,0.158763
9490,0,1.80914,-4879.04,2.29716,0.157143
9495,0,1.78833,-4879.04,2.60925,0.157576
9500,0,1.81762,-4880.21,2.60925,0.158
9505,0,1.91262,-4880.21,1.18427,0.2
9510,0,1.91262,-4880.21,1.18427,0.1
9515,0,1.91262,-4880.21,1.18427,0.0666667
9520,0,1.91262,-4880.21,1.18427,0.05
9525,0,1.92306,-4880.21,1.02768,0.16
9530,0,1.89392,-4880.21,1.46472,0.2
9535,0,1.95525,-4880.21,0.544752,0.2
9540,0,1.95014,-4879.18,0.373638,0.225
9545,0,1.95014,-4879.18,0.373638,0.2
9550,0,1.85438,-4879.18,1.81006,0.2
9555,0,1.82553,-4879.18,2.24286,0.2
9560,0,1.82553,-4879.18,2.24286,0.183333
9565,0,1.90728,-4879.18,1.01661,0.184615
9570,0,1.90728,-4879.18,1.01661,0.171429
9575,0,1.85132,-4879.12,1.60314,0.186667
9580,0,1.85132,-4879.12,1.60314,0.175
9585,0,1.94142,-4879.12,0.251549,0.176471
9590,0,1.86235,-4879.12,1.43762,0.177778
9595,0,1.86235,-4879.12,1.43762,0.168421
9600,0,1.86235,-4879.12,1.43762,0.16
9605,0,1.83019,-4879.12,1.92003,0.161905
9610,0,1.8629,-4879.12,1.42934,0.163636
9615,0,1.89658,-4879.12,0.924225,0.165217
9620,0,1.9026,-4879.12,0.833861,0.166667
9625,0,1.94607,-4879.12,0.181788,0.168
9630,0,1.94123,-4879.12,0.25445,0.169231
9635,0,1.92012,-4879.12,0.571159,0.17037
9640,0,1.86347,-4879.12,1.42084,0.171429
9645,0,1.86347,-4879.12,1.42084,0.165517
9650,0,1.86347,-4879.12,1.42084,0.16
9655,0,1.86347,-4879.12,1.42084,0.154839
9660,0,1.86088,-4879.2,1.42084,0.15625
9665,0,1.86363,-4879.2,1.37961,0.157576
9670,0,1.86363,-4879.2,1.37961,0.152941
9675,0,1.86363,-4879.2,1.37961,0.148571
9680,0,1.86363,-4879.2,1.37961,0.144444
9685,0,1.91068,-4879.2,0.673849,0.145946
9690,0,1.91068,-4879.2,0.673849,0.142105
9695,0,1.91068,-4879.2,0.673849,0.138462
9700,0,1.91068,-4879.2,0.673849,0.135
9705,0,1.91068,-4879.2,0.673849,0.131707
9710,0,1.91068,-4879.2,0.673849,0.128571
9715,0,1.91068,-4879.2,0.673849,0.125581
9720,0,1.91068,-4879.2,0.673849,0.122727
9725,0,1.91068,-4879.2,0.673849,0.12
9730,0,1.91018,-4879.2,0.681364,0.121739
9735,0,1.91018,-4879.2,0.681364,0.119149
9740,0,1.91018,-4879.2,0.681364,0.116667
9745,0,1.85289,-4879.2,1.54066,0.118367
9750,0,1.83309,-4879.2,1.83769,0.12
9755,0,1.92182,-4879.2,0.506796,0.12549
9760,0,1.93899,-4879.2,0.249164,0.126923
9765,0,1.91393,-4879.26,0.604513,0.132075
9770,0,1.84985,-4879.26,1.56581,0.133333
9775,0,1.87116,-4879.26,1.24615,0.138182
9780,0,1.88388,-4879.26,1.05526,0.139286
9785,0,1.93756,-4879.26,0.250107,0.140351
9790,0,1.95614,-4879.12,0.250107,0.141379
9795,0,1.95854,-4879.19,0.250107,0.145763
9800,0,1.95854,-4879.19,0.250107,0.143333
9805,0,1.94174,-4879.19,0.502109,0.144262
9810,0,1.94174,-4879.19,0.502109,0.141935
9815,0,1.94174,-4879.19,0.502109,0.139683
9820,0,1.86164,-4879.19,1.70357,0.140625
9825,0,1.89941,-4882.91,1.70357,0.141538
9830,0,1.89941,-4882.91,1.70357,0.139394
9835,0,1.89941,-4882.91,1.70357,0.137313
9840,0,1.90642,-4882.91,1.59842,0.138235
9845,0,1.95204,-4882.76,1.59842,0.13913
9850,0,2.00745,-4882.76,0.767256,0.14
9855,0,1.98491,-4882.76,1.1053,0.143662
9860,0,2.04761,-4882.76,0.164766,0.144444
9865,0,2.05649,-4882.76,0.0316026,0.145205
9870,0,2.05649,-4882.76,0.0316026,0.143243
9875,0,2.05691,-4882.76,0.0252962,0.144
9880,0,2.05691,-4882.76,0.0252962,0.142105
9885,0,2.07266,-4881.85,0.0252962,0.142857
9890,0,2.06305,-4882.3,0.0252962,0.14359
9895,0,2.06305,-4882.3,0.0252962,0.141772
9900,0,2.06305,-4882.3,0.0252962,0.14
9905,0,2.06305,-4882.3,0.0252962,0.138272
9910,0,2.04241,-4880.42,0.143726,0.141463
9915,0,2.04241,-4880.42,0.143726,0.139759
9920,0,2.04241,-4880.42,0.143726,0.138095
9925,0,2.04241,-4880.42,0.143726,0.136471
9930,0,1.89314,-4880.42,2.38284,0.139535
9935,0,1.89314,-4880.42,2.38284,0.137931
9940,0,1.89314,-4880.42,2.38284,0.136364
9945,0,1.89314,-4880.42,2.38284,0.134831
9950,0,1.89314,-4880.42,2.38284,0.133333
9955,0,2.01933,-4880.42,0.489925,0.134066
9960,0,2.01933,-4880.42,0.489925,0.132609
9965,0,1.96416,-4880.42,1.31751,0.133333
9970,0,1.96416,-4880.42,1.31751,0.131915
9975,0,1.96416,-4880.42,1.31751,0.130526
9980,0,1.96416,-4880.42,1.31751,0.129167
9985,0,1.96416,-4880.42,1.31751,0.127835
9990,0,1.96416,-4880.42,1.31751,0.126531
9995,0,1.94794,-4880.42,1.5608,0.127273
