generation,N_shifts,logPrior,logLik,eventRate,acceptRate
0,0,0.22034,-5324.56,15,0
5000,0,1.11829,-5321.37,0.487018,0.148
10000,0,1.01661,-5319.62,1.11802,0.144
15000,0,1.13783,-5318.58,0.035933,0.136
20000,1,3.29202,-5139.48,0.313909,0.174182
25000,1,2.5785,-5132.26,1.17003,0.236
30000,2,4.61478,-5123.31,2.08978,0.267846
35000,2,5.47085,-5126.34,1.00302,0.322
40000,2,6.21928,-5125.81,4.19786,0.302
45000,2,6.15134,-5133.67,4.5323,0.254
50000,2,4.83262,-5123.79,0.450604,0.256615
55000,2,4.38361,-5124,1.6232,0.296286
60000,4,11.7985,-5114.01,5.87471,0.326
65000,3,6.65795,-5131.48,2.39937,0.302
70000,2,6.13897,-5127.48,4.33693,0.290571
75000,2,2.88436,-5117.48,1.6512,0.324
80000,3,6.73851,-5104.65,4.78016,0.321459
85000,3,10.9016,-5077.17,0.97326,0.255333
90000,3,8.54838,-5065.33,1.05466,0.19
95000,3,10.1843,-5071.2,4.71519,0.2
100000,4,11.6407,-5096.62,3.5688,0.31
105000,5,17.4955,-5055.31,4.17031,0.274769
110000,6,15.6742,-5086.62,6.30043,0.338
115000,5,16.416,-5041.44,2.69171,0.242
120000,4,11.6919,-5087.02,2.56078,0.31
125000,5,15.0115,-5044.87,3.14783,0.3092
130000,5,17.7518,-5045.12,3.23938,0.276
135000,3,9.93067,-5104.75,5.01342,0.270222
140000,2,5.50965,-5109.18,1.52166,0.228667
145000,7,22.2582,-5041.29,5.52864,0.334
150000,7,20.089,-5061.78,6.99237,0.294
155000,7,20.8347,-5036.16,9.32034,0.313733
160000,3,7.37765,-5076.79,3.95969,0.251487
165000,9,23.2797,-5020.88,7.76748,0.292
170000,9,28.046,-5024.89,8.22899,0.343333
175000,7,22.7392,-5032.25,10.334,0.316
180000,6,16.3167,-5044.56,4.79106,0.2884
185000,5,16.3114,-5042.49,3.74244,0.296
190000,7,21.1753,-5035.4,7.88566,0.315333
195000,5,17.6021,-5046.87,2.83807,0.306
200000,5,15.4406,-5042.36,3.88339,0.308
205000,4,13.7334,-5053.26,4.24498,0.264
210000,6,19.3197,-5020.55,4.02552,0.264
215000,7,24.6417,-5034.33,4.35729,0.346
220000,6,21.2461,-5045.98,14.006,0.301333
225000,5,16.2354,-5029.96,4.75661,0.2808
230000,7,23.0021,-5031.45,7.32933,0.316941
235000,4,13.851,-5052.65,4.04464,0.2776
240000,8,29.1554,-5020.71,8.26014,0.342182
245000,4,14.2168,-5055.58,2.99753,0.292
250000,7,21.3784,-5020.63,6.95688,0.338
255000,4,13.7301,-5052.15,2.5476,0.27
260000,10,34.2785,-5017.92,11.9087,0.335333
265000,9,29.994,-5014.92,15.7197,0.31904
270000,9,29.4614,-5014.16,4.902,0.351333
275000,11,36.2225,-5008.69,13.7674,0.362
280000,8,24.0352,-5022.98,3.70613,0.29
285000,11,33.5707,-5019.31,8.03605,0.358
290000,11,31.0053,-4995.7,8.49955,0.37
295000,10,27.2159,-5010.76,10.6134,0.342
300000,10,31.2568,-5012.08,7.82041,0.316
305000,11,33.6997,-4994.52,11.2555,0.322
310000,7,22.5957,-5022.68,7.41111,0.296857
315000,9,29.9439,-5015.55,14.2225,0.32
320000,9,29.7979,-5014.17,12.9149,0.292
325000,8,26.6421,-5010.32,4.28182,0.318
330000,9,29.7521,-5010.69,12.3788,0.332
335000,8,20.9544,-5017.95,7.34499,0.326
340000,8,25.3344,-5009.95,9.14876,0.276
345000,8,22.6242,-5000.64,5.28669,0.282
350000,10,35.9493,-5008.33,11.8184,0.34
355000,7,22.6617,-5029.39,6.32739,0.318
360000,7,24.227,-5030.7,7.42759,0.306
365000,7,22.4573,-5037.35,6.24921,0.322267
370000,10,36.0825,-5006.08,6.14914,0.378
375000,11,38.8295,-4996.08,14.0533,0.332
380000,9,30.4422,-5012.43,8.81533,0.33
385000,6,20.3332,-5043.14,3.64281,0.28
390000,6,19.0839,-5032.8,6.83241,0.244
395000,12,37.6511,-4985.57,12.45,0.292
400000,13,45.1461,-4987.77,18.0855,0.382
405000,10,31.8907,-4990.24,11.3403,0.3
410000,11,26.9033,-4986.43,11.3789,0.328
415000,8,27.7707,-5018.35,4.74245,0.284
420000,10,32.8971,-5011.6,7.0741,0.316
425000,8,24.0027,-5016.39,6.07649,0.299091
430000,8,24.3332,-5012.81,7.98073,0.232
435000,6,19.3056,-5047.8,4.19578,0.304
440000,9,27.5941,-5006.38,9.40701,0.268
445000,10,27.6609,-4996.7,8.09734,0.294
450000,7,24.1063,-5022.34,6.05637,0.303733
455000,9,27.5388,-5022.13,10.6192,0.304
460000,9,29.0176,-4995.09,7.08311,0.314
465000,10,32.7982,-4996.61,9.53559,0.346
470000,8,28.0843,-5008.14,4.8899,0.272
475000,8,27.337,-5019.68,8.24929,0.29
480000,10,35.3146,-5008.4,8.13942,0.332
485000,8,26.6064,-5004.8,7.66244,0.298
490000,7,22.9445,-5019.73,8.29663,0.3
495000,7,21.9664,-5019.83,11.4839,0.314
500000,9,28.5059,-5015.39,7.62975,0.304
505000,9,30.3047,-5007,10.791,0.328
510000,8,24.3341,-5001.1,5.55042,0.328
515000,5,16.3668,-5032.59,13.4168,0.241333
520000,7,20.5922,-5020.59,7.19492,0.31559
525000,7,21.9907,-5018.59,10.7597,0.295333
530000,8,26.773,-5004.89,10.2017,0.286
535000,6,18.8385,-5030.34,8.11046,0.296
540000,8,26.1315,-5008.72,11.6306,0.286
545000,8,26.3469,-5001.25,5.39924,0.32
550000,9,23.9204,-4990.64,6.16272,0.318
555000,8,28.4039,-5017.9,13.9082,0.324
560000,6,20.2094,-5027.9,9.10012,0.271455
565000,10,34.2966,-4993.83,10.7081,0.318
570000,10,36.0551,-4998.69,8.05618,0.348
575000,10,36.3784,-4998.67,8.47,0.32
580000,9,30.6255,-4996.09,5.64505,0.328
585000,11,32.9043,-4995.88,9.50941,0.316
590000,9,29.8945,-5004.87,8.61975,0.324
595000,10,30.8705,-4994.79,6.35338,0.319846
600000,9,30.9498,-5019.41,5.89294,0.344
605000,8,25.5588,-5000.52,7.12961,0.326
610000,16,51.8123,-4978.69,19.3242,0.386
615000,6,17.7721,-5032.66,5.65544,0.302
620000,10,34.9691,-4999.5,6.18884,0.31176
625000,12,40.795,-4977.17,11.5679,0.402
630000,6,19.935,-5024.82,7.07018,0.302
635000,7,23.4855,-5022.84,6.73986,0.278857
640000,8,25.3117,-5009.38,8.03358,0.298103
645000,8,21.7597,-5014.43,6.94315,0.286
650000,10,30.3055,-4986.73,9.34113,0.338
655000,6,17.8304,-5028.09,7.61353,0.274581
660000,9,18.5323,-5010.29,11.9694,0.306
665000,9,28.4944,-4999.31,4.32153,0.299333
670000,10,30.5081,-4987.43,9.45357,0.344
675000,11,27.8071,-4988.96,10.1112,0.335333
680000,10,28.4614,-4992,14.3717,0.308
685000,8,23.9591,-5013.55,12.5226,0.285191
690000,11,31.899,-4986.19,17.0425,0.3296
695000,8,28.2753,-5004.16,7.84362,0.338
700000,9,24.8145,-4987.23,9.77429,0.306
705000,9,26.886,-4997.91,14.0641,0.36
710000,8,24.8431,-5010.5,7.90193,0.316
715000,9,28.781,-4992.51,6.09786,0.326
720000,9,22.5014,-5001.02,4.86911,0.304
725000,8,27.4159,-5012.27,11.5799,0.33
730000,6,21.2937,-5027.05,6.33089,0.344
735000,6,19.1016,-5019.64,7.40952,0.28
740000,8,21.6004,-4995.39,10.3488,0.288
745000,6,19.2684,-5024.6,3.3913,0.256918
750000,9,27.6508,-4993.84,9.32,0.292
755000,7,21.7122,-5024.76,4.92289,0.31
760000,6,19.203,-5016.69,7.63036,0.222
765000,10,26.4338,-5000.16,11.2331,0.33
770000,11,31.7828,-4985.88,9.62467,0.356
775000,9,25.5353,-4996.99,8.11288,0.358
780000,9,17.9512,-4992.85,11.574,0.326
785000,9,26.164,-5003.51,6.50358,0.336
790000,8,26.9906,-5000.09,7.5574,0.352
795000,6,21.9012,-5030.3,6.69352,0.281091
800000,9,30.2964,-5016.13,4.0522,0.348
805000,5,18.4061,-5029.06,3.79239,0.316
810000,6,19.6218,-5017.1,6.76949,0.288
815000,6,20.9504,-5021.01,9.10651,0.326
820000,6,17.5051,-5025.27,9.97178,0.248
825000,6,19.7868,-5018.51,7.38466,0.299368
830000,8,23.5866,-4994.08,10.2062,0.286
835000,9,27.8805,-4992.45,6.69923,0.322
840000,6,22.5029,-5026.33,6.13008,0.302667
845000,10,30.5418,-4986,8.56658,0.296
850000,9,26.8309,-4981.11,10.3656,0.316
855000,9,26.9054,-4994.41,9.07503,0.312
860000,9,25.7165,-4989.78,6.02033,0.305556
865000,9,30.0273,-4987.26,13.0551,0.268
870000,8,26.3911,-5002.65,8.42869,0.332
875000,9,25.4037,-4989.9,17.2795,0.316
880000,7,24.1106,-5013.02,10.6493,0.276174
885000,9,32.4661,-4997.44,15.696,0.362
890000,7,23.101,-5016.47,9.40637,0.266667
895000,6,21.3816,-5025.87,5.11566,0.3
900000,10,34.0721,-4990.87,8.3162,0.34
905000,10,27.523,-4984.56,11.6515,0.324
910000,10,27.6848,-4987.8,3.59436,0.304
915000,10,31.1859,-4984.21,7.81053,0.39
920000,8,25.715,-5012.41,6.83278,0.28576
925000,9,24.6148,-4982.18,7.25071,0.319077
930000,7,21.3233,-5011.76,9.08746,0.288
935000,10,30.6125,-4997.59,7.57796,0.339846
940000,5,18.0844,-5029.88,5.10432,0.34
945000,7,22.6181,-5021.71,6.19809,0.288
950000,10,31.6407,-4994.19,10.4901,0.366
955000,9,23.8083,-4990.84,9.49633,0.314667
960000,10,32.2082,-4990.75,11.294,0.328
965000,6,22.7961,-5032.75,10.0566,0.300216
970000,10,30.3171,-4996.34,7.2162,0.322
975000,13,41.3315,-4986.7,10.4476,0.35
980000,9,25.2702,-5012.6,10.1351,0.3
985000,10,32.3284,-4992.28,16.0954,0.324
990000,8,26.9412,-5019.29,6.31429,0.268
995000,7,20.3922,-5008.29,7.78396,0.268
1000000,10,29.3761,-5001.12,5.83604,0.328
1005000,7,23.0033,-5017.73,6.56278,0.301158
1010000,10,31.4254,-4983.4,7.14017,0.326
1015000,12,31.0155,-4986.38,10.8176,0.362
1020000,8,29.1249,-5016.94,3.15415,0.2968
1025000,10,31.535,-4994.69,6.65499,0.32
1030000,8,27.85,-5023.46,3.42027,0.309714
1035000,11,30.7337,-4993.5,13.9076,0.304
1040000,8,27.438,-5016.3,3.69842,0.293647
1045000,13,43.0695,-4984.49,18.7629,0.342
1050000,7,23.7726,-5019.3,7.55664,0.299368
1055000,7,21.2202,-5032.76,7.00221,0.316
1060000,8,27.5224,-5032.61,8.73184,0.282
1065000,8,28.1682,-5017.27,12.4324,0.31437
1070000,7,23.6037,-5014.58,5.05131,0.311394
1075000,6,21.3628,-5018.19,5.99485,0.323895
1080000,14,41.5178,-4989.03,12.0996,0.364
1085000,10,29.1172,-4988.31,9.46234,0.28
1090000,8,26.576,-5018.53,11.1493,0.308
1095000,10,29.4347,-4988.56,11.788,0.308
1100000,10,29.6482,-4994.85,15.3619,0.288
1105000,9,24.7604,-4999.69,19.0972,0.2936
1110000,9,30.7985,-5012.8,8.41663,0.288
1115000,8,23.498,-5017.44,3.9995,0.298
1120000,7,23.599,-5017.3,8.89379,0.292267
1125000,11,35.1759,-4986.17,10.3098,0.332
1130000,8,25.7552,-5003.04,9.77969,0.268
1135000,8,29.7911,-5009,6.82741,0.288
1140000,7,20.3853,-5025.48,3.03733,0.356
1145000,7,21.2824,-5023.75,7.25091,0.31
1150000,7,23.387,-5014.2,4.84953,0.272
1155000,8,26.8255,-5015.85,8.86342,0.304154
1160000,6,20.3255,-5026.09,8.07149,0.28
1165000,12,39.4605,-4974.24,11.9536,0.304
1170000,9,29.3873,-5007.49,9.06185,0.268
1175000,13,33.4594,-4972.74,6.87681,0.31
1180000,8,25.2354,-5010.53,4.90048,0.312
1185000,7,23.6331,-5010.26,7.14161,0.206
1190000,7,24.9752,-5017.8,3.92739,0.212
1195000,7,26.3532,-5011.02,4.20454,0.293143
1200000,12,39.4966,-4975.52,12.8615,0.3
1205000,13,41.5962,-4986.94,13.9814,0.311333
1210000,11,35.0217,-4983.06,11.0175,0.316
1215000,9,27.7213,-5022.4,6.18101,0.3132
1220000,13,42.5441,-4985.98,8.86336,0.282
1225000,10,28.1267,-4993.85,8.70324,0.302
1230000,7,23.8553,-5018.3,13.214,0.292
1235000,11,32.0421,-4987.31,10.6481,0.312
1240000,8,27.41,-5010.95,11.6926,0.322118
1245000,11,30.6315,-4991.64,7.52959,0.34
1250000,11,27.1926,-4988.23,11.9353,0.314444
1255000,7,24.9648,-5012.12,7.20703,0.322471
1260000,7,24.4082,-5014.39,6.37859,0.278
1265000,11,28.6814,-4986.13,11.9886,0.315846
1270000,7,19.6518,-5011.59,5.17147,0.306
1275000,11,33.1641,-4991.65,8.64997,0.323385
1280000,7,24.0617,-5017.8,9.736,0.29819
1285000,8,27.0541,-5008.55,6.30956,0.308286
1290000,10,27.9052,-4980.35,9.84884,0.311478
1295000,11,29.4202,-4979.95,11.8937,0.318
1300000,8,23.8002,-5003.25,17.1644,0.278
1305000,7,19.8683,-5012.1,12.5364,0.3
1310000,10,26.8338,-4986.31,10.4424,0.344
1315000,9,28.5902,-4990.51,13.3091,0.302
1320000,10,32.6234,-4987.78,12.9309,0.274
1325000,6,21.5678,-5021.59,6.68736,0.301282
1330000,6,20.9415,-5021.09,11.7971,0.27
1335000,9,25.7291,-5005.38,11.09,0.3
1340000,8,20.5918,-5025.31,9.29917,0.334
1345000,7,21.2518,-5019.58,9.88483,0.312
1350000,8,21.5539,-5014.99,10.3927,0.326
1355000,8,25.5675,-5012.76,7.17596,0.274
1360000,11,29.0614,-4975.71,16.1545,0.316
1365000,10,34.1227,-5002.83,7.18878,0.326151
1370000,9,32.6097,-5012.38,12.008,0.344545
1375000,10,29.6546,-4984.95,6.82936,0.308
1380000,9,28.9128,-5012.18,14.0525,0.344
1385000,12,37.9192,-4983.63,12.9572,0.368
1390000,9,24.8793,-5008.69,7.81486,0.315659
1395000,12,37.1438,-4983.53,10.1047,0.326
1400000,13,36.8772,-4990.53,15.7712,0.346
1405000,15,42.9031,-4995.47,15.5997,0.296
1410000,8,25.836,-5005.6,10.0506,0.306
1415000,8,23.627,-5004.19,6.03645,0.3
1420000,8,23.9393,-5011.66,12.5951,0.268
1425000,8,27.6592,-5010.73,11.2605,0.3232
1430000,13,36.2095,-4985.26,18.2739,0.328
1435000,12,38.9966,-4985.33,18.4304,0.356
1440000,13,42.6246,-4991.75,13.7207,0.318
1445000,7,25.2072,-5024.48,7.68858,0.313122
1450000,13,44.9501,-4984.42,14.8593,0.322
1455000,11,31.9317,-4993.56,16.9612,0.274
1460000,9,25.7083,-5013.27,14.1686,0.291623
1465000,13,40.5216,-4991.63,18.4168,0.296
1470000,6,19.5034,-5019.5,7.77795,0.288923
1475000,13,40.0382,-4985.98,16.4081,0.338
1480000,7,21.9006,-5017.27,6.07904,0.304
1485000,6,20.3026,-5021.59,3.10508,0.286
1490000,5,17.6955,-5034.09,6.08598,0.291704
1495000,6,19.9769,-5023.52,8.46154,0.246118
1500000,7,21.8483,-5022.53,6.36107,0.274
1505000,7,20.2546,-5037.21,13.3387,0.301217
1510000,7,23.4373,-5026.52,5.27726,0.292
1515000,7,21.1303,-5018.6,7.58082,0.286
1520000,7,23.7683,-5027.43,4.89264,0.258769
1525000,6,19.6538,-5026.2,4.03126,0.247714
1530000,6,23.2061,-5024.41,8.48351,0.304182
1535000,11,34.4173,-4987.08,12.4493,0.3292
1540000,6,20.8702,-5018.35,6.28376,0.278
1545000,7,25.0234,-5026.07,13.6383,0.258
1550000,10,31.2448,-4980.1,11.0713,0.326
1555000,7,21.8864,-5008.53,7.00106,0.303882
1560000,10,30.1465,-4988.26,8.13474,0.292
1565000,6,20.3891,-5022.71,4.4098,0.255143
1570000,6,20.913,-5026.36,6.52527,0.268
1575000,10,32.4611,-4987.04,7.92407,0.298
1580000,8,27.8594,-5029.16,5.58958,0.285263
1585000,9,31.7294,-5006.87,7.41027,0.342
1590000,8,29.2545,-5011.44,5.97434,0.33
1595000,10,30.6324,-5009.86,15.3888,0.329778
1600000,7,22.3166,-5005.79,10.0804,0.245333
1605000,10,28.108,-4991.09,14.3662,0.332
1610000,7,25.8381,-5010.54,6.39201,0.313172
1615000,10,32.1548,-4982.09,12.268,0.323412
1620000,7,22.2151,-5016.53,6.01459,0.266
1625000,7,25.2034,-5015.58,5.62995,0.348
1630000,8,25.792,-5011.29,8.80918,0.314923
1635000,11,37.6177,-4980.18,15.2066,0.294
1640000,7,25.0273,-5012.94,6.93396,0.318
1645000,8,30.0327,-5009.53,6.23541,0.304
1650000,16,44.4785,-4966.9,17.9145,0.368
1655000,8,27.745,-5004.42,6.22079,0.2752
1660000,11,35.3548,-5006.7,12.4306,0.322
1665000,11,38.5634,-5003.11,18.0313,0.302
1670000,7,23.2105,-5018,7.76872,0.312632
1675000,9,33.2308,-5007.78,7.50824,0.2904
1680000,8,29.1516,-5011.21,11.3563,0.262
1685000,6,20.6501,-5027.02,3.31197,0.285333
1690000,8,27.6273,-5012.12,15.4931,0.284
1695000,7,23.5294,-5014.75,8.44415,0.3148
1700000,9,28.4322,-4993.81,9.67382,0.332
1705000,7,26.7039,-5019.47,3.14903,0.282
1710000,8,28.5518,-5024.05,10.9678,0.286
1715000,7,22.0804,-5016.11,11.8133,0.28
1720000,8,28.0565,-5016.43,7.65612,0.292
1725000,6,21.713,-5025.38,8.17899,0.316
1730000,6,18.8062,-5022.88,4.87542,0.269043
1735000,6,22.818,-5023.27,7.17062,0.296
1740000,8,27.8979,-5019.2,11.9463,0.282
1745000,10,32.4677,-4994.27,7.43955,0.316
1750000,6,15.3054,-5025.54,9.16779,0.2332
1755000,6,20.4597,-5031.76,6.873,0.268
1760000,6,19.3499,-5027.27,4.89999,0.271333
1765000,6,19.472,-5026.18,5.74597,0.2756
1770000,10,27.9064,-5007,10.5441,0.325273
1775000,9,29.4043,-5008.8,12.2065,0.357714
1780000,11,33.8127,-4993.26,13.8719,0.332545
1785000,11,27.3362,-4988.15,8.65652,0.3224
1790000,10,30.8444,-5023.16,9.13257,0.344
1795000,8,26.4268,-5011.36,12.0169,0.318
1800000,12,32.7288,-4984.3,7.63938,0.356
1805000,7,24.3283,-5022.62,9.73086,0.291385
1810000,8,25.1293,-5018.72,7.92794,0.304
1815000,8,28.1936,-5016.56,6.75329,0.326
1820000,9,26.9329,-5007.68,7.57512,0.324
1825000,9,26.3187,-4987.61,7.56296,0.336
1830000,8,25.4425,-5011.27,9.78857,0.32
1835000,10,29.0201,-4989.85,21.296,0.324
1840000,8,27.2092,-5010.97,4.76059,0.308
1845000,9,30.6933,-5008.85,11.2446,0.338
1850000,11,31.0562,-4977.94,10.3838,0.358
1855000,6,22.9785,-5026.96,6.84951,0.338667
1860000,9,30.7613,-5014.58,7.68763,0.319818
1865000,11,28.5079,-4980.79,7.52734,0.33
1870000,8,26.5795,-5014.03,16.0349,0.322
1875000,9,30.7729,-5005.76,12.4716,0.294
1880000,8,27.0873,-5010.68,7.53809,0.284
1885000,6,20.4059,-5018.25,5.16789,0.322
1890000,11,34.6999,-4980.7,11.5255,0.31
1895000,7,24.1946,-5022.74,13.0857,0.309333
1900000,6,22.7474,-5026.51,5.89448,0.307111
1905000,7,25.1495,-5019.55,7.41433,0.26
1910000,5,18.9112,-5031.94,7.78962,0.2872
1915000,12,34.3649,-4974.81,15.858,0.36
1920000,14,41.0873,-4978.64,10.083,0.364
1925000,11,36.8292,-5012.62,11.1029,0.322784
1930000,13,39.6345,-4980.05,8.89418,0.364
1935000,12,29.6714,-4987.2,15.4382,0.294
1940000,9,29.3708,-5010.97,5.18608,0.316483
1945000,11,31.6361,-4988.88,10.123,0.337158
1950000,7,24.5501,-5012.71,8.98419,0.289636
1955000,8,26.0092,-5007.46,7.1776,0.284
1960000,7,21.4832,-5013.97,7.02002,0.242
1965000,7,19.6285,-5005.94,7.5008,0.29
1970000,10,27.4987,-4983.28,11.7212,0.325077
1975000,7,25.1727,-5016.25,6.91817,0.312
1980000,7,26.6906,-5013.04,8.3122,0.308
1985000,9,28.625,-4988.61,6.59887,0.326118
1990000,7,23.541,-5015.17,11.9516,0.299818
1995000,8,27.7166,-5004.89,5.6972,0.303333
2000000,11,37.5531,-4992.76,12.9119,0.335143
2005000,8,22.1611,-5006.76,11.8862,0.238
2010000,8,27.8106,-5015.11,7.25992,0.286
2015000,8,27.0166,-5009.88,11.9482,0.316667
2020000,11,34.5688,-4982.22,9.67513,0.31
2025000,7,25.9801,-5016.38,3.75452,0.349714
2030000,10,33.1694,-5015.28,7.2066,0.3304
2035000,9,32.338,-5004.02,7.40547,0.332
2040000,12,36.7052,-4970.44,9.92286,0.35
2045000,7,17.2458,-5013.23,5.73685,0.232
2050000,12,33.0044,-4968.51,16.6459,0.313333
2055000,13,34.0011,-4969.77,6.5759,0.348
2060000,13,33.9218,-4974.15,18.0979,0.296
2065000,5,17.1225,-5026.12,6.14383,0.26929
2070000,13,34.705,-4977.29,12.5811,0.32
2075000,11,37.7827,-4989.61,9.18866,0.319333
2080000,11,34.5054,-4989.52,11.7946,0.326
2085000,8,29.5568,-5005.83,4.19322,0.31
2090000,6,18.3857,-5019.07,5.10749,0.268
2095000,10,30.0375,-4989.64,12.4914,0.294
2100000,10,26.7036,-4983.77,7.26634,0.274
2105000,9,31.7612,-5010.69,8.7603,0.298
2110000,12,35.049,-4972.77,11.7255,0.31
2115000,9,19.219,-5013.61,8.44099,0.266
2120000,17,50.6177,-4972.66,18.1998,0.342
2125000,11,35.7446,-4987.78,6.13832,0.315538
2130000,6,20.8514,-5024.23,3.84428,0.282
2135000,11,32.4215,-4985.32,10.5737,0.312
2140000,8,27.6452,-5018.83,9.04869,0.31
2145000,11,29.7033,-4986.44,9.04235,0.31
2150000,10,25.8047,-4994.9,10.3505,0.306
2155000,11,30.8596,-4988.26,9.76161,0.294
2160000,7,22.8171,-5012.97,6.03026,0.324
2165000,7,23.7095,-5016.31,15.6142,0.310222
2170000,11,30.8044,-4974.88,7.0961,0.286
2175000,11,36.7681,-4985.72,9.42802,0.366
2180000,7,24.2053,-5012.72,8.98582,0.2924
2185000,7,25.8539,-5011.08,5.20719,0.317143
2190000,10,33.2497,-4985.56,7.63126,0.324
2195000,7,25.4758,-5011.96,8.0251,0.284
2200000,7,26.9339,-5012.89,7.36732,0.3208
2205000,15,46.8696,-4980.87,8.84875,0.298
2210000,11,32.4685,-4995.93,13.6584,0.312667
2215000,8,29.3887,-5009.93,9.42789,0.29
2220000,9,27.1384,-5008.88,10.2888,0.316
2225000,9,28.6883,-5011.17,13.9186,0.366
2230000,9,30.7103,-5013.32,8.66927,0.330444
2235000,10,32.188,-4981.87,5.24246,0.3128
2240000,10,27.0586,-4990.78,6.38,0.288
2245000,12,33.1283,-4991.72,18.3201,0.28
2250000,8,27.7097,-5010.63,6.61063,0.316696
2255000,8,29.6764,-5013.85,10.4431,0.312
2260000,6,20.3256,-5024.55,7.37017,0.296
2265000,12,33.4021,-4978.14,15.0859,0.314
2270000,12,39.1649,-4986.97,9.49505,0.32
2275000,13,39.6146,-4985.1,15.305,0.342667
2280000,12,35.7545,-4987.26,10.9363,0.354
2285000,8,28.1664,-5012.96,5.95291,0.308
2290000,10,29.8746,-4989.11,10.308,0.316696
2295000,11,32.5798,-4987.93,13.2372,0.321111
2300000,10,29.8496,-4982.66,9.29215,0.29
2305000,11,34.576,-4980.2,15.0155,0.290857
2310000,13,38.1083,-4978.31,12.6437,0.298
2315000,13,40.1644,-4978.94,14.8716,0.302
2320000,8,27.5145,-4995.94,10.5693,0.32
2325000,13,37.7784,-4974.9,9.67412,0.327647
2330000,10,27.8021,-5003.1,10.6809,0.284
2335000,7,26.2865,-5021.9,6.22884,0.3092
2340000,7,23.9764,-5019.71,8.1548,0.302222
2345000,16,34.5314,-4975,16.6895,0.304
2350000,12,36.2434,-4984.32,12.8035,0.286
2355000,9,27.3612,-4990.61,15.2155,0.316
2360000,12,35.6389,-4979.09,14.2909,0.312154
2365000,11,32.2852,-4995.7,4.15821,0.302
2370000,11,30.2348,-5000.36,12.7144,0.326
2375000,12,31.5058,-4981.71,21.5698,0.302
2380000,8,27.2596,-4998.41,9.25804,0.309333
2385000,8,25.4921,-5020.45,12.841,0.33
2390000,13,36.1711,-4979.4,13.4864,0.258
2395000,12,26.1382,-4981.58,20.5795,0.272
2400000,13,41.4582,-4986.01,12.4596,0.342
2405000,11,29.8403,-4978.33,10.6413,0.33
2410000,5,16.9489,-5034.29,6.5447,0.309778
2415000,10,27.9612,-4998.08,12.878,0.334
2420000,12,34.9074,-4979.97,15.6726,0.32
2425000,6,19.1014,-5027.66,1.93211,0.3
2430000,7,22.5113,-5033.19,13.824,0.328444
2435000,11,33.9393,-4984.82,15.3882,0.314
2440000,12,35.9396,-4983.06,15.1633,0.355556
2445000,10,24.1707,-4981.44,5.03593,0.326
2450000,10,29.8364,-4985.81,5.90888,0.321714
2455000,13,30.7277,-4990.6,11.4623,0.350857
2460000,15,46.2569,-4975.2,16.8497,0.356
2465000,14,44.4996,-4974.13,11.1852,0.37
2470000,14,44.183,-4967.15,15.5362,0.356
2475000,10,26.7062,-4988.86,11.011,0.315755
2480000,5,16.2253,-5029.71,8.08078,0.29
2485000,12,35.343,-4983.28,16.8966,0.3
2490000,12,38.6524,-4980.11,11.6784,0.344
2495000,10,33.3465,-4998.49,13.628,0.282
2500000,5,14.8741,-5029.27,5.47182,0.283135
2505000,9,27.9138,-4999.49,7.69333,0.321077
2510000,14,43.7098,-4981.47,17.0789,0.36
2515000,5,17.836,-5027.76,4.19246,0.3
2520000,11,33.201,-4980.81,14.2551,0.338
2525000,10,21.9267,-4980.41,11.5707,0.298
2530000,10,25.8734,-4999.43,5.35719,0.286
2535000,12,38.3394,-4978.47,12.9666,0.330444
2540000,10,28.5558,-4991.39,9.7796,0.338
2545000,5,16.7404,-5026.79,4.11539,0.267333
2550000,11,36.6978,-5004.08,11.6844,0.33
2555000,9,30.0559,-5003,6.88511,0.312
2560000,9,27.6074,-5004.61,6.13532,0.35
2565000,9,28.5467,-4998.26,9.29212,0.318
2570000,9,26.3303,-4997.77,13.2355,0.308
2575000,6,18.647,-5014.38,4.57877,0.2504
2580000,6,20.5671,-5019.02,6.66638,0.274286
2585000,9,28.128,-4998,6.36051,0.31
2590000,10,27.7398,-4987.15,7.27065,0.33
2595000,11,28.6384,-4980.17,15.0481,0.328667
2600000,10,27.3322,-4985.09,10.8839,0.32
2605000,12,28.4611,-4978.44,12.7,0.334
2610000,10,25.9525,-4981.47,13.2812,0.328
2615000,11,27.5891,-4978.69,10.3878,0.310444
2620000,11,29.1567,-4982.96,14.1353,0.318
2625000,10,29.5075,-4983.83,9.17216,0.284667
2630000,14,38.4953,-4986.16,8.7749,0.344
2635000,16,50.4899,-4980.62,19.3105,0.358
2640000,15,37.9123,-4966.68,21.8791,0.328
2645000,6,18.8982,-5024.37,5.32177,0.312
2650000,5,16.4659,-5025.78,6.83334,0.288
2655000,13,35.4441,-4975.51,20.4605,0.332621
2660000,11,29.8734,-4982.79,14.2565,0.274
2665000,11,33.6583,-4977.16,11.6002,0.302
2670000,12,35.3475,-4981.44,13.4743,0.336
2675000,12,31.8691,-4992.6,14.2782,0.332
2680000,12,34.5359,-4985.2,20.2292,0.292
2685000,14,37.5112,-4977.17,13.8685,0.282
2690000,5,16.981,-5023.53,7.94221,0.28528
2695000,6,21.1575,-5025.22,4.92239,0.272
2700000,13,40.4834,-4993.49,12.2663,0.328
2705000,12,38.4017,-4976.41,8.2018,0.342
2710000,5,18.5198,-5025.91,6.82974,0.284
2715000,11,34.0044,-4982.42,7.8827,0.3396
2720000,9,28.6426,-4991.09,7.29245,0.358
2725000,11,33.7673,-4980.5,18.0523,0.294
2730000,5,15.6513,-5027.13,3.62022,0.28241
2735000,5,18.6317,-5029.32,8.05138,0.276
2740000,6,21.0319,-5025.06,4.01056,0.322
2745000,11,38.5398,-5002.09,7.00517,0.356
2750000,15,36.9372,-5000.19,19.7764,0.352
2755000,12,42.14,-4971.07,10.6474,0.34176
2760000,6,20.8379,-5017.88,8.81004,0.305152
2765000,14,39.2435,-4973,12.0646,0.322
2770000,10,25.465,-4987.1,9.2672,0.344323
2775000,6,20.3446,-5025.75,11.5849,0.292
2780000,9,23.1578,-4996.01,5.25653,0.3
2785000,6,20.1276,-5018.34,9.22761,0.296
2790000,10,32.358,-4982.46,9.14426,0.306
2795000,9,26.0668,-4994.91,7.48449,0.330667
2800000,10,28.2811,-4985.99,9.96875,0.346
2805000,10,32.6735,-4986.73,11.699,0.33
2810000,9,27.3741,-4988.5,8.74611,0.266
2815000,7,25.4862,-5020.63,9.67928,0.301043
2820000,10,27.9894,-4995.1,6.42664,0.314
2825000,11,27.0581,-4985.52,17.1788,0.3236
2830000,7,21.1332,-5023.56,9.40029,0.296
2835000,7,21.8932,-5024.61,5.35806,0.292
2840000,7,24.2704,-5016.6,4.60434,0.33
2845000,10,28.1852,-4990.26,15.2924,0.288
2850000,9,30.3487,-4997.51,10.3239,0.302
2855000,7,22.2929,-5022.65,5.73871,0.302909
2860000,10,30.2143,-4986.78,12.6105,0.314
2865000,11,34.1792,-4975.24,9.54762,0.338
2870000,12,37.9346,-4980.75,9.3523,0.352
2875000,12,37.6706,-4980.91,11.2862,0.368
2880000,11,29.8792,-4983.04,11.2963,0.32
2885000,14,38.0047,-4981.76,13.6705,0.326
2890000,10,33.0842,-4988,10.5906,0.342857
2895000,9,27.1774,-5010.78,15.4015,0.307279
2900000,10,27.522,-4980.57,8.14922,0.313455
2905000,10,31.9786,-4987.22,9.92528,0.328
2910000,10,30.0185,-4986.7,7.02734,0.314
2915000,8,24.9413,-5018.77,5.45839,0.294
2920000,11,32.3229,-4992.12,6.65245,0.327622
2925000,12,39.575,-4990.85,9.23119,0.318
2930000,12,30.0755,-4976.49,8.2071,0.34
2935000,9,28.1617,-5002.79,8.80897,0.306129
2940000,13,38.1108,-4975.08,16.5757,0.328462
2945000,12,37.8071,-4988.38,14.8216,0.3476
2950000,8,24.5874,-5011.88,14.4721,0.328
2955000,9,28.2924,-5000.21,8.43849,0.33
2960000,11,37.57,-4977.76,15.7908,0.304
2965000,11,32.6672,-4975.78,12.4711,0.314
2970000,12,31.2558,-4979.22,15.5212,0.37
2975000,6,19.7945,-5016.06,7.63346,0.258
2980000,6,18.8605,-5015.05,8.78431,0.284
2985000,6,17.5232,-5018.1,5.45527,0.252
2990000,11,28.9753,-4981.1,8.99656,0.344
2995000,10,27.2219,-5006.66,9.31483,0.286
3000000,14,38.0619,-4975.2,13.4122,0.326
3005000,8,25.0743,-5017,8.45865,0.291692
3010000,11,33.658,-4983.99,12.6132,0.318
3015000,11,30.0897,-4980.99,15.7663,0.3224
3020000,12,38.3759,-4980.01,7.96475,0.31
3025000,11,27.6471,-4991.37,16.364,0.336
3030000,12,25.6426,-4976.1,9.31352,0.334267
3035000,8,27.4087,-5016.13,14.8324,0.298
3040000,11,30.4308,-4971.56,7.53023,0.333647
3045000,13,31.458,-4979.92,17.7973,0.334769
3050000,12,32.7631,-4972.5,13.6826,0.34
3055000,5,17.5308,-5028.26,3.20524,0.31
3060000,12,35.5259,-4971.51,7.98804,0.331333
3065000,11,35.4285,-4979.79,13.3715,0.334
3070000,5,17.2471,-5029.49,4.37049,0.27976
3075000,7,20.2169,-5020.08,5.47332,0.314
3080000,11,35.1196,-4983.25,17.0877,0.352
3085000,13,34.2541,-4987.05,13.8544,0.306
3090000,12,33.9706,-4978.37,11.0478,0.328
3095000,13,39.0783,-4967.76,13.3176,0.372
3100000,7,22.8234,-5011.14,4.19601,0.314
3105000,9,30.1959,-5007.29,8.34985,0.288
3110000,10,32.7926,-4982.68,13.1864,0.332
3115000,8,28.6184,-5011.46,8.84348,0.333294
3120000,16,50.9222,-4978.28,17.601,0.356
3125000,14,41.49,-4982.02,10.1396,0.364222
3130000,14,35.4484,-4980.69,15.0062,0.364
3135000,13,41.5045,-4975.48,7.43943,0.366
3140000,16,44.4188,-4975,18.3132,0.354
3145000,12,36.0073,-4977.78,10.7613,0.324
3150000,7,25.6451,-5011.79,14.4884,0.30488
3155000,13,37.6432,-4969.75,9.10658,0.334
3160000,13,31.8986,-4977.58,12.1502,0.342
3165000,9,26.9745,-4990.1,11.5902,0.330353
3170000,9,24.0471,-4984.15,7.86603,0.322
3175000,13,34.7848,-4986.9,8.70551,0.364
3180000,13,33.4151,-4971.83,12.1513,0.352
3185000,13,36.9013,-4968.49,12.1617,0.342
3190000,12,36.3948,-4970.15,5.81892,0.33
3195000,11,34.1938,-4986.12,9.49851,0.328957
3200000,10,32.0543,-4984.09,7.60388,0.336
3205000,11,29.4318,-4986.22,16.4949,0.336
3210000,9,25.7442,-4987.99,8.18842,0.312667
3215000,12,25.3091,-4979.12,15.8135,0.284
3220000,13,34.5207,-4982.41,11.1617,0.342
3225000,9,26.7508,-4985.33,13.4287,0.346
3230000,11,31.5901,-4986.33,10.4747,0.346
3235000,10,27.7981,-4988.63,10.2138,0.284
3240000,9,23.4512,-4988.41,9.14467,0.284
3245000,10,24.592,-4980,11.7248,0.303385
3250000,11,33.3503,-4982.84,7.94392,0.312
3255000,6,20.3252,-5034.23,3.91137,0.297718
3260000,12,36.4051,-4982.89,12.3271,0.326
3265000,12,31.2088,-4994.94,21.6168,0.324783
3270000,12,41.0004,-4986.64,11.088,0.3412
3275000,11,29.1804,-4978.75,16.7839,0.345636
3280000,10,25.5046,-4973.06,10.4394,0.316
3285000,10,24.2738,-4978.37,11.8582,0.236
3290000,10,25.9908,-4982.26,7.55088,0.249333
3295000,11,24.7468,-4985.12,9.41571,0.29
3300000,12,34.1277,-4984.23,11.5817,0.338
3305000,8,28.153,-5019.84,5.46854,0.330957
3310000,7,22.8178,-5016.06,6.28161,0.332
3315000,9,32.3796,-5013.7,8.02142,0.404
3320000,10,33.6232,-5012.91,5.24361,0.386
3325000,12,33.1331,-4992.77,10.0912,0.324
3330000,10,26.0596,-4987.43,8.81785,0.334
3335000,10,25.3055,-4994.15,10.5893,0.316151
3340000,6,22.1263,-5027.88,7.83646,0.312
3345000,7,26.49,-5020.59,8.07007,0.299556
3350000,7,25.76,-5020.8,4.22508,0.3508
3355000,8,25.4757,-5019.29,11.8477,0.346
3360000,5,19.139,-5029.8,3.20333,0.264
3365000,13,37.8713,-4977.84,12.6956,0.316
3370000,12,35.8349,-4994.23,15.0933,0.27
3375000,7,22.6103,-5020.89,7.24973,0.306
3380000,10,30.8564,-4980.25,6.96505,0.312
3385000,11,29.9729,-4976.17,12.9196,0.326
3390000,13,42.5697,-4983.64,20.7346,0.3316
3395000,7,24.4406,-5013.71,16.9314,0.318
3400000,11,29.6244,-4977.76,13.3459,0.318
3405000,13,40.2883,-4973.99,14.0726,0.316
3410000,13,39.7542,-4979.89,11.7078,0.328
3415000,11,30.2942,-4975.17,12.6107,0.34
3420000,11,31.6074,-4972.55,6.52506,0.298
3425000,6,20.5417,-5024.72,5.05117,0.302
3430000,6,19.329,-5023.24,6.00949,0.302
3435000,11,35.2291,-4976.82,15.7789,0.336
3440000,7,25.5149,-5011.97,9.52792,0.299506
3445000,14,37.859,-4977.85,16.1404,0.356
3450000,12,36.5573,-4975.77,12.4885,0.36
3455000,12,34.5154,-4969.81,17.2275,0.352
3460000,12,35.0163,-4980.68,13.5046,0.327333
3465000,8,28.9933,-5011.42,7.40658,0.326857
3470000,5,17.0718,-5032.22,4.24071,0.290923
3475000,13,35.0251,-4973.33,11.3172,0.338
3480000,12,35.0068,-4978.42,6.84003,0.374
3485000,9,29.8601,-5004.49,15.8661,0.299677
3490000,12,33.5302,-4970.08,13.9654,0.294
3495000,8,26.1551,-5005.65,17.0196,0.342
3500000,9,29.8106,-5018.38,7.14113,0.348
3505000,8,27.5801,-5016.44,7.68413,0.32
3510000,11,38.7312,-4979.25,11.9025,0.304
3515000,7,22.6655,-5012.09,4.449,0.3
3520000,13,36.8853,-4978.8,14.053,0.330533
3525000,12,34.9287,-4987.29,18.5145,0.346
3530000,13,37.8411,-4980.25,13.5289,0.328
3535000,10,31.7647,-4982.55,11.4659,0.346
3540000,7,25.0118,-5022.47,8.3515,0.3
3545000,6,20.286,-5023.27,3.39841,0.328
3550000,12,34.6253,-4973.36,9.85819,0.3464
3555000,13,40.8109,-4972.74,7.39505,0.329429
3560000,10,27.3447,-4993.43,9.74172,0.314909
3565000,15,47.5836,-4971.35,15.164,0.35
3570000,13,39.9571,-4979.04,11.4352,0.34
3575000,15,42.7258,-4978.73,14.3915,0.3312
3580000,11,33.5212,-4987.58,13.234,0.333273
3585000,7,24.0085,-5033.12,10.867,0.299067
3590000,14,47.2651,-4964.41,14.3696,0.326
3595000,5,18.3986,-5026.37,2.91734,0.276
3600000,10,27.5753,-4999.32,3.68111,0.343333
3605000,9,28.6869,-4991.87,13.1527,0.324
3610000,11,31.5577,-4993.54,7.01396,0.328
3615000,5,17.0464,-5031.92,3.65484,0.296
3620000,6,22.457,-5030.28,4.93182,0.312
3625000,8,23.4496,-4993.13,9.99526,0.266
3630000,8,25.5341,-4994.35,7.52166,0.284
3635000,8,22.5319,-5005.01,14.7594,0.3
3640000,9,27.8749,-5002.34,9.82939,0.3
3645000,7,21.3551,-5027.86,5.77382,0.34
3650000,5,15.3848,-5030.62,3.53784,0.298644
3655000,8,25.0226,-5004.42,7.43288,0.296909
3660000,9,23.6692,-5003.3,14.5473,0.279333
3665000,5,17.383,-5027.7,3.84819,0.274
3670000,11,32.0066,-4989.46,10.8163,0.34
3675000,6,22.1676,-5022.46,5.1946,0.29
3680000,11,33.5711,-4996.18,8.93499,0.328421
3685000,13,39.4593,-4987.82,17.6604,0.346
3690000,10,27.8701,-4999.65,7.19422,0.330952
3695000,9,28.7513,-5000.24,10.1113,0.268
3700000,9,28.1787,-5000.54,9.30244,0.296
3705000,8,25.4771,-5004.9,6.10633,0.3024
3710000,9,26.9034,-5005.65,9.73732,0.309429
3715000,11,30.6634,-4986.03,10.7679,0.348
3720000,6,19.2223,-5023.31,11.1209,0.284516
3725000,10,29.4979,-4981.27,9.9805,0.330933
3730000,5,17.6345,-5027.16,9.74712,0.295455
3735000,9,26.9651,-5000.3,4.50838,0.274
3740000,6,20.3304,-5021.63,4.70991,0.336
3745000,5,16.9754,-5027.2,5.37602,0.27069
3750000,12,35.8004,-4977.95,11.7328,0.326
3755000,10,32.1701,-4979.61,19.1387,0.336
3760000,11,35.54,-4980.66,13.0095,0.308
3765000,7,23.0423,-5027.2,7.63125,0.296
3770000,6,20.3769,-5024.74,9.27562,0.306
3775000,14,40.1284,-4990.21,17.0596,0.38
3780000,5,15.2278,-5024.65,4.99458,0.24
3785000,11,35.3271,-4992.23,10.8555,0.326
3790000,5,14.1953,-5026.35,5.21315,0.261158
3795000,12,37.535,-4975.97,14.6676,0.356
3800000,7,24.1126,-5025.02,10.603,0.298
3805000,11,33.178,-4986.84,6.22874,0.31
3810000,9,25.9963,-4992.43,6.30105,0.3112
3815000,12,35.8862,-4982.95,9.65605,0.336
3820000,11,31.3838,-4975.1,6.91546,0.288
3825000,9,28.0585,-4985.87,11.3428,0.322
3830000,9,25.6804,-4995.37,5.96938,0.310923
3835000,9,28.8731,-4995.01,9.27924,0.288
3840000,8,25.174,-5022.45,7.68935,0.284055
3845000,10,32.5961,-4989.05,9.07152,0.296
3850000,12,33.5451,-4989.3,7.65216,0.356
3855000,11,35.6156,-4990.93,8.3877,0.348
3860000,11,21.1386,-4988.85,11.9505,0.31
3865000,13,41.2605,-4973.84,17.7421,0.31
3870000,10,30.0045,-4992.78,6.6628,0.306696
3875000,9,23.8525,-4993.84,18.5579,0.280286
3880000,11,38.2633,-4979.22,18.6668,0.343273
3885000,6,19.0266,-5020.96,3.78445,0.292727
3890000,7,25.5102,-5025.18,11.8979,0.302
3895000,7,23.9615,-5015.21,5.70959,0.368
3900000,10,29.579,-4991.62,10.3112,0.296
3905000,9,25.334,-4986.4,7.5549,0.293333
3910000,9,26.0624,-4995.94,11.5282,0.321636
3915000,9,26.6537,-4992.86,9.75607,0.283091
3920000,10,30.5309,-5004.15,11.7074,0.296
3925000,11,24.4424,-4997.77,9.92768,0.3184
3930000,10,23.0074,-4993.9,10.0281,0.336
3935000,10,33.3771,-4984.61,8.72596,0.322
3940000,9,24.3078,-4986.01,5.48068,0.344
3945000,10,30.3871,-4997,6.8661,0.3
3950000,9,25.1251,-4997.73,7.20386,0.312
3955000,11,31.3435,-4990.1,12.1667,0.326667
3960000,11,33.7928,-4984.55,8.9915,0.292
3965000,9,26.6753,-4995.74,9.36582,0.312476
3970000,13,36.3288,-4992.42,8.3935,0.382
3975000,9,23.7001,-4990.4,8.65351,0.344
3980000,6,21.0492,-5023.26,6.69156,0.282
3985000,6,19.6405,-5025.46,2.39811,0.294667
3990000,10,29.2076,-4983.71,16.6976,0.342
3995000,9,29.9923,-4998.91,11.6359,0.316
4000000,10,25.738,-4992.02,12.6253,0.34
4005000,6,20.5858,-5023.47,8.86659,0.29232
4010000,6,20.147,-5019.53,3.55164,0.2612
4015000,13,46.2415,-4989.22,11.8545,0.327077
4020000,12,34.4385,-4992.73,12.2094,0.340889
4025000,11,28.6973,-4983.71,14.3039,0.340545
4030000,9,29.8764,-4993.1,8.19122,0.292
4035000,10,30.0455,-4993.16,11.1381,0.308
4040000,10,28.5689,-4994.36,12.7486,0.313053
4045000,10,30.3986,-4990.7,12.0827,0.372
4050000,11,33.7654,-4980.66,7.68977,0.330222
4055000,11,31.6713,-4984.98,12.5504,0.352
4060000,6,18.8379,-5021.43,12.2601,0.275714
4065000,10,36.3897,-4998.39,7.44305,0.346
4070000,11,37.8118,-5009.92,9.96192,0.346
4075000,10,29.3884,-4993.86,11.12,0.315163
4080000,5,15.5607,-5027.1,13.5682,0.27736
4085000,11,34.0309,-4990.15,14.5217,0.296
4090000,11,30.1552,-4986.15,13.7041,0.348
4095000,11,31.0138,-4980.63,11.3347,0.3332
4100000,7,24.5933,-5030.82,10.1535,0.28192
4105000,7,18.693,-5014.71,4.83331,0.301939
4110000,13,36.5398,-4996.41,16.9565,0.3216
4115000,11,33.4505,-4979.18,8.28598,0.288
4120000,11,25.8782,-4984.96,9.14267,0.28
4125000,12,32.0794,-4975.41,8.15533,0.3472
4130000,11,25.3206,-4979.47,7.81924,0.324
4135000,6,22.5328,-5020.38,1.61982,0.281273
4140000,11,29.2136,-4980.5,15.0389,0.332
4145000,6,19.7196,-5021.34,7.32665,0.284947
4150000,6,20.455,-5022.59,7.88978,0.27
4155000,12,34.1426,-4986.75,7.73022,0.324
4160000,11,33.1935,-4983.23,14.3751,0.329778
4165000,11,34.4706,-4982.05,11.6392,0.294
4170000,11,34.7764,-4981.83,9.07869,0.314087
4175000,12,39.6284,-4983.59,13.6506,0.332286
4180000,11,35.4134,-4986.95,9.7728,0.34
4185000,11,35.2014,-4979.94,10.9406,0.328
4190000,10,29.966,-4990.57,12.0618,0.268
4195000,10,30.9121,-4985.86,13.8043,0.338
4200000,7,23.4915,-5014.34,10.169,0.322
4205000,10,27.1057,-4984.49,11.1415,0.32088
4210000,5,17.3861,-5028.95,2.39737,0.306
4215000,12,35.7623,-4973.21,24.4219,0.364
4220000,5,15.1046,-5026.13,7.14297,0.294632
4225000,7,25.2793,-5007.64,5.94612,0.299915
4230000,12,37.1759,-4980.91,13.7182,0.344
4235000,5,18.0536,-5025.56,3.84436,0.262571
4240000,11,32.6479,-4980.6,11.7948,0.31
4245000,12,31.8474,-4982.61,18.3464,0.308
4250000,12,33.6653,-4979.15,9.89856,0.292
4255000,10,29.8278,-4990.35,14.0363,0.31
4260000,9,25.099,-4984.73,9.29221,0.306
4265000,8,25.9664,-5005.05,6.18427,0.269714
4270000,13,40.3133,-4982.63,17.2872,0.313029
4275000,9,25.7642,-4992.01,14.8238,0.3268
4280000,8,26.8874,-5014.59,5.37082,0.303846
4285000,10,27.357,-4988,5.64868,0.327467
4290000,10,33.4583,-4986.24,8.28545,0.325111
4295000,9,29.9407,-5016.85,5.52407,0.31
4300000,11,27.5173,-4983.54,12.224,0.28
4305000,10,27.8852,-4979.53,10.0683,0.31
4310000,10,26.3167,-4988.72,10.2705,0.328
4315000,10,27.8083,-4989.28,13.4355,0.3352
4320000,8,24.1091,-5019.64,12.4904,0.23
4325000,13,34.6575,-4986.5,16.6078,0.34
4330000,11,31.1672,-4984.92,10.9712,0.306
4335000,10,35.2943,-5008.81,9.41733,0.292
4340000,10,32.6918,-5000.81,9.93098,0.286
4345000,11,37.0234,-4996.73,6.63645,0.3072
4350000,12,36.9123,-4981.46,16.1981,0.342
4355000,11,35.2568,-4987.89,10.2955,0.321385
4360000,12,32.1247,-4983.16,17.5087,0.324
4365000,10,33.4449,-4998.5,12.5105,0.336
4370000,10,29.8574,-4983.82,8.15858,0.317765
4375000,11,37.9706,-5004.41,8.57629,0.378
4380000,10,35.8172,-5007.29,6.72141,0.3176
4385000,5,18.295,-5025.62,4.3001,0.284
4390000,11,28.8688,-4983.72,11.0329,0.318
4395000,10,30.8789,-4987.91,4.87526,0.322
4400000,8,25.6777,-5018.44,7.53308,0.254
4405000,9,27.5167,-4994.99,12.2225,0.309333
4410000,8,22.6171,-5013.64,10.6518,0.305273
4415000,10,31.8669,-4983.59,9.44694,0.310182
4420000,7,23.1281,-5011.53,4.16055,0.25
4425000,10,29.5721,-4990.08,12.2318,0.33
4430000,9,28.1553,-4991.59,8.36623,0.306
4435000,8,24.0314,-5012.95,8.00026,0.262
4440000,8,23.1232,-5015.59,12.4486,0.324
4445000,9,28.6064,-5006.41,11.9076,0.262
4450000,8,26.2651,-5010.21,6.72653,0.282
4455000,10,25.1572,-4996.77,20.0162,0.296
4460000,8,26.7131,-5011.24,4.62638,0.308933
4465000,10,29.9252,-4998.23,17.5181,0.327208
4470000,7,19.0403,-5023.44,3.90263,0.276
4475000,13,37.312,-4989.7,8.87382,0.321231
4480000,8,29.3389,-5021.37,2.6037,0.334
4485000,11,31.0638,-4985.72,14.4638,0.36
4490000,11,32.0744,-4987.63,13.113,0.3332
4495000,9,26.7974,-4992.56,11.9133,0.252
4500000,10,29.3688,-5001.56,5.44483,0.286
4505000,10,37.0031,-4988.46,11.8757,0.314
4510000,9,23.7953,-4988.8,9.59101,0.304
4515000,10,27.919,-4989.09,12.3632,0.318
4520000,9,28.8164,-4990.23,5.86807,0.334
4525000,6,19.9326,-5025.6,4.58751,0.280456
4530000,6,20.2635,-5022.27,11.1614,0.294
4535000,6,20.0344,-5023.14,3.60078,0.29
4540000,9,25.8402,-4993.77,9.3327,0.346
4545000,6,19.7416,-5022.6,6.84807,0.278
4550000,9,22.943,-4987.76,14.2797,0.328
4555000,11,32.0223,-4985.25,11.0387,0.334
4560000,6,19.8226,-5022.11,4.53897,0.270667
4565000,13,27.6556,-4979.3,19.3691,0.322759
4570000,13,39.2191,-4979.95,18.5862,0.354
4575000,7,23.57,-5021.98,12.6049,0.318
4580000,12,30.9171,-4976.96,16.2146,0.296
4585000,14,38.6248,-4991.41,13.0854,0.33
4590000,12,38.1239,-4979.71,21.0969,0.322
4595000,8,26.0871,-5011.76,10.1916,0.277465
4600000,7,20.7813,-5017.91,9.64147,0.3
4605000,6,18.9248,-5022.1,8.57054,0.30181
4610000,11,36.4194,-4988.2,7.66822,0.322182
4615000,12,36.8994,-4990.13,11.7402,0.31
4620000,10,29.6651,-4985.37,12.0722,0.298
4625000,12,42.701,-4981.41,10.1728,0.346
4630000,12,41.0886,-4983.77,8.25678,0.356
4635000,10,29.1134,-4978.49,9.79714,0.324606
4640000,12,31.0317,-4979.68,17.6784,0.328
4645000,11,34.3958,-4979.45,10.4658,0.316
4650000,10,29.2156,-4989.89,15.5424,0.3
4655000,6,20.1631,-5020.43,6.29352,0.283429
4660000,12,29.8118,-4976.05,15.6387,0.362
4665000,11,34.2617,-4982.81,12.0363,0.348
4670000,8,25.7475,-5011.31,12.1498,0.302
4675000,11,31.3996,-4982.92,16.4256,0.306
4680000,11,36.8671,-5008.93,13.6071,0.362
4685000,9,28.6522,-5005.13,11.9086,0.302154
4690000,9,27.1801,-4997.95,5.74095,0.284
4695000,12,31.8559,-4981.66,12.3126,0.290343
4700000,9,28.2775,-5008.55,14.7707,0.322
4705000,10,29.183,-4981.18,17.3906,0.32
4710000,11,31.0464,-4979.74,10.7542,0.364
4715000,8,25.5567,-5013.51,6.58496,0.306
4720000,7,20.9395,-5016.86,5.88661,0.308667
4725000,12,34.6012,-4991.92,9.31415,0.332
4730000,11,33.5717,-4988.47,19.028,0.342
4735000,13,36.1458,-4982.18,9.44755,0.338
4740000,15,45.8683,-4967.32,11.3726,0.352
4745000,13,36.2639,-4980.01,6.40888,0.336353
4750000,7,19.3701,-5024.04,13.5248,0.293624
4755000,12,37.9572,-4968.94,11.1197,0.296
4760000,11,34.3606,-4989.62,8.01408,0.327826
4765000,10,27.0301,-4991.15,9.06906,0.308667
4770000,10,29.2484,-4998.19,9.17091,0.318667
4775000,14,33.5475,-4967.45,17.5943,0.296
4780000,14,42.7222,-4978.5,17.9563,0.352
4785000,14,38.9633,-4982.31,13.4798,0.348667
4790000,12,26.029,-4988.71,14.0119,0.313467
4795000,10,22.5169,-4986.17,15.6184,0.334444
4800000,9,21.4811,-4989.28,19.3993,0.328
4805000,13,37.6286,-4961.16,16.9409,0.356
4810000,12,34.0024,-4993.65,13.3674,0.364
4815000,13,35.2303,-4979.47,10.6135,0.339077
4820000,11,34.3436,-4983.82,13.6128,0.306
4825000,9,27.1009,-5004.3,3.79576,0.336133
4830000,9,26.7429,-4993.96,13.2293,0.324
4835000,14,47.1522,-4986.52,14.7415,0.328
4840000,14,39.9096,-4978.52,18.2598,0.372
4845000,9,25.4479,-4990.19,6.04706,0.319733
4850000,6,21.5688,-5024.66,6.40274,0.312
4855000,10,27.8746,-4983.63,7.7326,0.336
4860000,10,33.4589,-4988.46,9.53707,0.346
4865000,10,33.0587,-4991.5,19.9946,0.328
4870000,10,30.3189,-4988.97,12.7383,0.338
4875000,5,16.0486,-5033.51,6.26549,0.286595
4880000,10,29.4353,-4995.52,9.39492,0.308
4885000,8,29.3288,-5017.95,7.73963,0.310986
4890000,14,42.666,-4985.87,14.262,0.336
4895000,15,45.7783,-4988.71,10.6974,0.354
4900000,11,33.7905,-4991.9,8.25745,0.376
4905000,15,41.3129,-4977.71,13.7729,0.344
4910000,5,18.5185,-5032.49,2.36953,0.295642
4915000,8,27.8674,-5005.07,9.15047,0.326
4920000,6,18.783,-5029.25,3.66301,0.291368
4925000,10,30.2554,-4978.93,7.68344,0.276
4930000,11,34.1959,-4987.77,10.2221,0.322
4935000,5,14.8717,-5031.75,2.02547,0.26
4940000,13,34.438,-4968.23,13.5828,0.33
4945000,6,19.5495,-5026.28,5.48355,0.344
4950000,15,47.967,-4966.48,11.0377,0.356
4955000,11,36.2458,-4983.09,20.6199,0.337538
4960000,10,29.6184,-4993.02,12.6904,0.338
4965000,6,21.038,-5018.67,3.33871,0.296
4970000,9,25.9316,-4993.37,11.4438,0.316923
4975000,10,28.2887,-4991.06,9.98922,0.3
4980000,11,38.195,-4974.82,5.4244,0.318
4985000,5,15.2639,-5026.65,3.85682,0.28
4990000,12,25.8554,-4995.46,14.5549,0.364
4995000,7,24.4244,-5019.75,5.63251,0.269217
5000000,5,16.1851,-5025.39,3.73529,0.268667
5005000,13,38.0104,-4965.13,21.0726,0.302
5010000,8,24.2415,-5019.66,5.4868,0.298
5015000,5,18.3023,-5028.05,4.94196,0.312
5020000,8,28.4317,-5014.2,6.50349,0.305263
5025000,10,28.6434,-4980.51,12.0923,0.276
5030000,9,29.3207,-5004.34,6.6649,0.316235
5035000,11,38.184,-4983.64,13.5619,0.274
5040000,7,23.8844,-5011.53,6.13215,0.314711
5045000,9,27.0274,-4996.07,10.3576,0.341333
5050000,8,26.1034,-5010.21,10.5928,0.316
5055000,11,31.9753,-4981.7,18.7595,0.304267
5060000,11,36.195,-4997.82,8.07928,0.322222
5065000,8,27.2408,-5015.85,6.36058,0.326
5070000,6,20.6442,-5021.21,5.40947,0.272
5075000,11,33.3318,-4979.03,12.5091,0.314
5080000,11,34.6581,-4981.23,10.2519,0.336
5085000,13,36.755,-4968.64,9.56,0.352
5090000,11,37.6349,-4986.41,7.11395,0.349412
5095000,11,35.7692,-4991.14,4.69464,0.314
5100000,8,27.3374,-5012.16,9.9084,0.316
5105000,8,28.1903,-5016.03,12.7295,0.320235
5110000,11,38.3462,-4990.25,15.5674,0.356
5115000,6,19.3703,-5023.02,6.24738,0.302923
5120000,12,40.5276,-4989.17,17.9637,0.328
5125000,14,37.7931,-4963.98,13.4628,0.348
5130000,9,27.0958,-5009.98,12.866,0.339429
5135000,9,32.3845,-5007.96,5.19719,0.3244
5140000,12,40.692,-4986.37,7.02631,0.33
5145000,10,28.7958,-4980.95,11.4684,0.322
5150000,11,30.3588,-4980.46,6.27538,0.324
5155000,14,46.3498,-4982.3,8.70575,0.35
5160000,7,22.3794,-5016.02,7.85058,0.312039
5165000,12,28.1061,-4983.73,14.1605,0.278
5170000,6,22.2007,-5022.31,4.27378,0.304947
5175000,13,29.5056,-4978.67,11.9858,0.314
5180000,11,25.704,-4988.63,14.7385,0.298
5185000,15,46.2676,-4987.99,19.9536,0.35
5190000,10,30.4963,-4981.91,10.8994,0.29
5195000,5,17.5963,-5029.13,6.63445,0.272
5200000,10,28.6252,-4990.91,11.7186,0.306
5205000,10,32.4735,-5003.33,10.2155,0.331733
5210000,12,34.4283,-4978.47,15.5335,0.316
5215000,10,31.4166,-4998.06,8.96609,0.288
5220000,12,37.5469,-4982.08,20.2365,0.334
5225000,9,21.1604,-5001.08,12.0957,0.301053
5230000,11,32.5791,-4980.11,12.7768,0.282
5235000,10,31.3058,-4985.4,7.52245,0.318
5240000,9,25.596,-4996.32,6.78167,0.292552
5245000,8,25.2909,-5013.53,13.0855,0.316
5250000,10,31.6967,-4981.53,10.6791,0.311333
5255000,7,23.2912,-5022.15,8.35178,0.266
5260000,10,29.4133,-4984.06,7.38512,0.25
5265000,9,28.5808,-4992.16,6.18849,0.318
5270000,13,35.0234,-4967.37,11.5414,0.318
5275000,12,34.3303,-4983.24,22.0113,0.35
5280000,12,36.2142,-4978.4,12.7837,0.31
5285000,7,22.3291,-5020.35,3.45204,0.295163
5290000,9,27.2198,-4995.17,5.52278,0.262
5295000,9,27.1605,-4998.12,8.8056,0.284
5300000,9,28.3018,-4986.43,10.4665,0.284
5305000,10,34.0531,-4996.62,10.7329,0.296
5310000,9,31.9907,-4991.7,5.16252,0.315714
5315000,12,35.4271,-4988.32,11.4749,0.318
5320000,11,29.5043,-4990.23,15.7344,0.3
5325000,12,35.0504,-4992.71,5.06604,0.274
5330000,10,30.2084,-4988.43,8.09972,0.314
5335000,10,28.5291,-4991.6,13.4086,0.303789
5340000,11,34.1759,-4987.85,12.2106,0.302444
5345000,12,37.935,-4991.27,12.516,0.314
5350000,6,19.1068,-5023.26,3.47346,0.316
5355000,11,32.2812,-4987.55,13.2006,0.288
5360000,11,33.2417,-4996.3,11.8031,0.344
5365000,7,21.5431,-5021.62,2.35287,0.34
5370000,7,24.6598,-5022.22,7.86255,0.308727
5375000,10,29.8595,-4987.89,6.13823,0.33
5380000,10,26.1697,-4989.44,14.8495,0.282
5385000,9,25.8255,-4995.23,4.35561,0.31
5390000,7,24.5085,-5014.2,6.91816,0.31
5395000,7,23.3884,-5013.23,3.38568,0.2884
5400000,10,31.4059,-4992.13,13.0914,0.322
5405000,10,32.2566,-4993.85,6.83193,0.3
5410000,7,22.1407,-5017.88,9.41741,0.292
5415000,11,35.3514,-4991.92,9.07206,0.32
5420000,7,25.1901,-5014.59,7.39207,0.272
5425000,9,25.4877,-4996.04,7.54229,0.3
5430000,5,17.0707,-5028.26,7.76244,0.302
5435000,11,38.4319,-5000.36,17.4664,0.254
5440000,10,34.7298,-4986.56,13.1442,0.318
5445000,10,26.4434,-4995.53,10.978,0.340667
5450000,10,31.3055,-4989.07,8.03346,0.342
5455000,9,30.1657,-4986.07,11.2924,0.346
5460000,9,27.1196,-4985.67,7.6493,0.3
5465000,9,25.9444,-5009.25,15.8592,0.31
5470000,6,20.2431,-5020.37,8.6656,0.288
5475000,8,27.6036,-5018.23,13.2096,0.35
5480000,6,18.4597,-5009.51,4.10614,0.236
5485000,9,26.001,-5012.35,15.1596,0.29
5490000,10,28.559,-4991.94,6.27804,0.319529
5495000,10,29.2431,-4995.25,8.35632,0.302
5500000,9,31.8995,-5015.89,10.0472,0.306
5505000,12,36.6995,-4989.5,11.8774,0.302308
5510000,12,36.0459,-4980.95,8.39889,0.386
5515000,11,37.2906,-4983.84,12.1373,0.3376
5520000,10,30.6593,-4992.92,9.6257,0.266
5525000,10,31.8071,-4986.57,15.3751,0.3208
5530000,10,31.8861,-4991.66,8.83709,0.314
5535000,11,37.936,-4986.94,9.79943,0.33
5540000,10,32.0788,-4987.82,14.0307,0.34
5545000,10,30.9313,-4987.55,12.2225,0.288
5550000,10,30.7724,-4987.23,5.96669,0.318
5555000,13,41.7805,-4991.75,13.1574,0.336
5560000,6,22.0657,-5014.55,3.15409,0.296957
5565000,11,35.5448,-4991.79,12.1516,0.308
5570000,10,29.3063,-4981.77,7.46825,0.320941
5575000,12,37.151,-4991.09,13.8083,0.335077
5580000,6,20.7748,-5016.98,5.21142,0.26
5585000,12,34.6186,-4973.54,14.9645,0.348
5590000,11,34.559,-5000.53,15.6015,0.326345
5595000,10,32.1392,-4994.31,10.2219,0.284
5600000,9,25.2214,-5007.28,10.1514,0.2936
5605000,10,27.0731,-4997.82,4.66235,0.2992
5610000,9,28.4374,-4992.48,12.5372,0.3032
5615000,9,28.1481,-4989.07,8.30365,0.33
5620000,7,25.5956,-5017.92,10.6606,0.322
5625000,6,20.2684,-5019.04,4.03148,0.306
5630000,10,32.677,-4985.56,15.5436,0.336
5635000,5,16.0454,-5029.12,6.46093,0.3196
5640000,9,24.399,-4984.63,10.3413,0.344
5645000,11,29.0868,-4986.46,9.25848,0.314
5650000,9,26.2792,-4987.37,10.2751,0.336
5655000,9,24.4112,-4990.82,18.5945,0.274
5660000,5,17.8491,-5023.92,4.41603,0.308
5665000,6,20.0401,-5025.65,2.93219,0.256
5670000,6,21.1058,-5019.06,2.12377,0.28
5675000,10,28.2998,-4977.92,11.2369,0.321642
5680000,10,30.4077,-4977.66,4.75916,0.316
5685000,9,26.4397,-5019.47,12.6357,0.332
5690000,6,21.3802,-5023.71,3.683,0.236
5695000,12,35.9166,-4987.7,13.1502,0.324
5700000,8,24.128,-5016.98,8.41175,0.311077
5705000,9,31.0442,-5014.01,9.09769,0.266
5710000,10,29.9811,-4981.24,9.16417,0.321931
5715000,7,26.3011,-5018.02,6.94235,0.306
5720000,10,30.0081,-4987.29,9.23451,0.312
5725000,11,33.4752,-4998.46,11.8995,0.298
5730000,11,34.1757,-4972.15,10.069,0.362
5735000,11,35.3262,-4982.72,9.79785,0.314
5740000,12,38.8927,-4970.6,10.874,0.327778
5745000,12,36.5564,-4985.72,9.23336,0.364
5750000,6,16.1406,-5024.1,3.00459,0.248
5755000,6,20.0647,-5020.14,4.77192,0.283333
5760000,7,23.1478,-5020.55,9.02405,0.32
5765000,11,38.4026,-4991.62,8.56428,0.364
5770000,9,28.8667,-4984.45,5.74056,0.34
5775000,9,25.8462,-4995.17,4.61564,0.31
5780000,13,28.7951,-4979.79,14.1656,0.372
5785000,10,32.1773,-4988.64,14.8701,0.326
5790000,13,36.0965,-4982.53,8.77237,0.344824
5795000,13,39.0609,-4987.46,15.1822,0.3476
5800000,9,29.0247,-4992.13,10.0558,0.308
5805000,10,31.1911,-4989.66,7.67346,0.317778
5810000,6,19.6775,-5027.21,5.57226,0.306
5815000,13,36.1201,-4982.47,15.8663,0.328
5820000,9,26.6327,-4986.3,10.8181,0.328
5825000,11,35.8053,-4991.25,12.7065,0.338
5830000,10,31.1227,-5006.95,7.90662,0.328667
5835000,12,25.611,-4980.37,12.7094,0.322
5840000,13,40.3223,-4971.86,14.5606,0.338
5845000,10,29.429,-4985.14,8.96963,0.308
5850000,10,29.4087,-4991.19,6.2357,0.274
5855000,8,26.2339,-5019.61,6.17166,0.29
5860000,12,30.9455,-4990.77,8.72219,0.3444
5865000,7,20.916,-5007.63,9.08931,0.312
5870000,10,31.4351,-4989.71,10.6272,0.34
5875000,9,25.5661,-5008.71,11.4167,0.306
5880000,7,22.1031,-5012.26,8.91879,0.323111
5885000,7,23.8059,-5014.67,8.17106,0.272
5890000,6,16.7603,-5023.16,13.1073,0.2596
5895000,10,27.6413,-4985.09,9.67799,0.323935
5900000,10,30.5151,-4979.29,9.14458,0.31
5905000,6,19.6731,-5019.41,2.6675,0.186
5910000,11,33.4429,-4988.53,10.1398,0.326732
5915000,7,22.1028,-5009.24,5.72467,0.277818
5920000,11,34.875,-4992.78,13.2856,0.318788
5925000,10,33.9305,-4986.13,6.85865,0.338
5930000,10,31.476,-4981.73,12.1719,0.276
5935000,6,20.2718,-5015.14,6.76104,0.225333
5940000,7,24.7694,-5017.92,11.2368,0.25
5945000,10,31.1841,-4986.17,15.8558,0.332
5950000,10,28.6296,-4985.5,6.91854,0.328
5955000,6,21.8675,-5021.92,6.71272,0.306
5960000,9,19.6096,-4992.28,16.7245,0.319333
5965000,10,33.2806,-4980.77,13.0828,0.296
5970000,6,19.2615,-5023.69,8.22342,0.286
5975000,11,36.5279,-4981.73,12.0628,0.328
5980000,9,25.2636,-4987.96,13.3087,0.298
5985000,5,17.6119,-5025.82,3.96651,0.290759
5990000,9,29.9767,-4999.35,7.19041,0.314667
5995000,5,16.9466,-5031.49,3.76044,0.28
6000000,10,33.5553,-4980.66,11.4834,0.288
6005000,9,31.2944,-4999.84,9.13853,0.366
6010000,9,28.8441,-4994.87,8.30989,0.314
6015000,10,32.7018,-4985.67,12.08,0.334
6020000,10,31.4729,-4978.06,9.22623,0.318
6025000,5,18.7446,-5027.48,8.3147,0.287051
6030000,8,24.0948,-4996.73,9.6586,0.317538
6035000,9,28.7415,-5000.14,6.68069,0.304571
6040000,11,30.3723,-4986.84,13.9388,0.302
6045000,8,22.5314,-4997.21,11.025,0.332
6050000,10,25.8208,-5000.24,5.74251,0.348
6055000,10,30.0373,-4981.28,6.77543,0.302
6060000,9,21.9379,-4997.64,11.565,0.32
6065000,6,22.1133,-5020.2,5.54129,0.302
6070000,7,24.6116,-5026.58,5.81667,0.289333
6075000,5,16.3398,-5024.21,4.34976,0.2964
6080000,8,18.5016,-5011.54,8.25914,0.316
6085000,10,33.4923,-4984.84,6.89391,0.3
6090000,12,40.9055,-4978.96,10.9394,0.314
6095000,5,16.4836,-5025.27,2.95245,0.244
6100000,6,20.4099,-5017.61,4.62384,0.282
6105000,5,16.1873,-5026.17,2.83115,0.279053
6110000,11,34.6796,-4973.83,8.04642,0.29
6115000,14,40.5051,-4978.38,14.0279,0.334
6120000,13,36.3335,-4965.88,9.86561,0.302
6125000,11,28.8385,-4972.62,7.65716,0.298
6130000,10,32.2193,-4997.62,8.94632,0.358
6135000,6,20.6641,-5020.43,7.84723,0.352
6140000,12,38.5397,-4969.99,9.00271,0.346
6145000,6,21.1683,-5020.47,3.42352,0.313579
6150000,10,28.5379,-4985.32,5.98311,0.334364
6155000,11,33.9989,-4986.61,5.2751,0.372
6160000,6,19.9371,-5020.66,7.54865,0.346
6165000,6,19.6154,-5023.88,7.06439,0.348
6170000,13,34.9772,-4981.32,20.5897,0.332
6175000,11,26.8606,-4971.66,12.5351,0.3072
6180000,16,36.5487,-4977.71,13.4225,0.362
6185000,13,39.4832,-4967.15,13.7619,0.39
6190000,12,35.3299,-4972.72,10.8917,0.318
6195000,12,36.561,-4984.12,13.2119,0.328
6200000,11,28.6656,-4982.02,7.82883,0.312
6205000,13,38.0928,-4972.64,7.3016,0.329733
6210000,14,37.8448,-4977.17,15.2125,0.375333
6215000,12,30.1013,-4974.58,15.5917,0.306
6220000,12,33.7653,-4978.22,14.5208,0.3096
6225000,5,14.9577,-5033.77,3.5448,0.293818
6230000,13,41.1927,-4980.39,20.9718,0.346
6235000,11,28.4562,-4979.52,8.22309,0.311429
6240000,11,32.863,-4982.55,11.1856,0.31
6245000,12,33.9669,-4975.31,11.7419,0.314
6250000,14,38.6066,-4975.03,16.7903,0.312
6255000,5,15.3153,-5025,5.68629,0.248
6260000,11,37.6119,-4980.91,11.4156,0.312
6265000,12,37.9578,-4987.96,9.38728,0.312
6270000,5,17.4452,-5028.96,3.46262,0.288148
6275000,14,35.4892,-4972.09,12.7509,0.364
6280000,10,30.275,-4980.09,8.99391,0.29
6285000,11,32.2494,-4980.59,8.56544,0.302
6290000,13,39.915,-4979.99,15.8272,0.368
6295000,12,29.5705,-4967.14,10.2396,0.346
6300000,13,32.5501,-4977.33,9.90411,0.328
6305000,11,35.7837,-4984.1,13.5783,0.306
6310000,10,29.3174,-4986.03,6.5144,0.33
6315000,10,30.8027,-4991.27,7.87075,0.338
6320000,12,34.1206,-4985.98,5.28912,0.36
6325000,5,18.4308,-5027.08,3.74856,0.318
6330000,5,17.1968,-5028.25,5.83965,0.29
6335000,13,37.3226,-4974.68,15.1654,0.33736
6340000,5,18.1542,-5024.08,6.03986,0.294
6345000,11,33.0754,-4973.21,12.4919,0.340267
6350000,12,34.2774,-4980.3,11.7688,0.308
6355000,8,25.6208,-4999.2,9.3181,0.27
6360000,11,26.2223,-4983.29,6.72653,0.316
6365000,9,28.7801,-4999.52,6.85698,0.344
6370000,11,29.47,-4976.08,12.0205,0.352
6375000,9,28.6492,-4997.42,5.9107,0.317789
6380000,9,25.7005,-4993.09,7.87533,0.325714
6385000,5,15.8461,-5033.46,4.38209,0.27
6390000,11,25.2721,-4989.11,13.2492,0.326933
6395000,5,14.7975,-5038.59,7.45843,0.267053
6400000,14,37.9733,-4973.25,11.1668,0.330727
6405000,9,25.5037,-4993.66,13.6113,0.336
6410000,13,35.4437,-4980.45,10.2664,0.374
6415000,10,28.004,-4987.62,7.20838,0.318
6420000,12,29.1313,-4980.94,9.05581,0.326
6425000,10,27.4757,-4989.81,6.62833,0.324353
6430000,6,20.8938,-5034.46,5.84352,0.286
6435000,12,34.3014,-4984.84,13.8012,0.322
6440000,13,38.2104,-4980.01,10.9433,0.37
6445000,10,26.8426,-4994.57,14.2217,0.334
6450000,11,27.4165,-4985.42,22.6994,0.319294
6455000,6,20.8895,-5021.92,9.62504,0.297957
6460000,11,27.6472,-4980.63,7.56452,0.340857
6465000,6,17.8284,-5030,4.71153,0.34
6470000,12,32.1484,-4971.59,11.9436,0.284
6475000,6,19.4037,-5020.95,5.58205,0.276571
6480000,12,39.7019,-4979.34,14.7431,0.35
6485000,12,30.9357,-4979.07,9.978,0.314
6490000,12,35.5732,-4980.06,16.2482,0.306
6495000,10,23.7507,-4991.48,14.3033,0.294
6500000,6,18.8535,-5023.58,3.24546,0.308406
6505000,12,40.6849,-4984.54,11.0582,0.324
6510000,11,36.0032,-4989.4,10.9591,0.3304
6515000,12,32.4582,-4991.04,12.5464,0.3488
6520000,7,23.7469,-5019.1,10.0921,0.302274
6525000,11,28.1714,-4978.19,9.15045,0.268667
6530000,11,30.807,-4989.32,8.57689,0.332
6535000,12,34.0804,-4976.95,6.86377,0.3284
6540000,11,30.4366,-4987.8,17.0814,0.319714
6545000,10,28.6851,-4979.87,8.17387,0.304
6550000,11,31.9543,-4982.22,9.26675,0.31
6555000,7,26.9456,-5030.26,3.70545,0.332
6560000,6,20.4877,-5021.7,4.03836,0.300667
6565000,11,26.2122,-4979.85,11.848,0.318
6570000,6,22.4293,-5023.22,10.3823,0.28
6575000,10,29.4374,-4983.55,14.1865,0.322
6580000,11,31.4442,-4984.32,9.97083,0.3
6585000,11,30.8725,-4980.43,15.6748,0.308
6590000,11,25.0088,-4978.96,12.5543,0.316
6595000,11,34.8806,-4981.99,15.0283,0.324
6600000,10,26.0456,-4990.96,9.50661,0.268
6605000,12,36.1415,-4983.03,10.4694,0.356
6610000,10,25.6559,-4984.34,10.9352,0.3176
6615000,11,32.2313,-4993.15,10.1714,0.302
6620000,7,24.3856,-5010.81,4.91553,0.303733
6625000,10,33.8928,-4983.6,9.99486,0.316
6630000,14,44.0794,-4983.83,13.4979,0.348
6635000,9,29.6109,-5010.77,10.2802,0.3
6640000,13,38.2558,-4967.95,12.7686,0.3
6645000,12,28.9453,-4976.11,8.20464,0.31
6650000,8,27.0937,-5012.26,4.91993,0.32
6655000,14,45.4839,-4973.29,10.9801,0.326
6660000,7,24.5944,-5015.42,7.89694,0.338
6665000,14,34.9133,-4983.53,11.9811,0.323333
6670000,13,39.7677,-4976.56,10.1838,0.351455
6675000,9,28.0654,-5003.83,7.29202,0.3
6680000,14,45.8776,-4971.83,15.3371,0.343385
6685000,9,28.2972,-5000.02,9.54062,0.306
6690000,8,29.9918,-5014.85,8.19576,0.3
6695000,9,26.729,-4997.08,13.8369,0.31
6700000,7,22.6468,-5022.44,6.23274,0.302235
6705000,8,28.5486,-5013.12,12.6825,0.33
6710000,6,19.9259,-5021.9,3.84781,0.303231
6715000,13,41.0192,-4977.7,14.8466,0.346
6720000,12,38.9565,-4983.11,12.4881,0.3
6725000,10,28.197,-5004.72,9.28683,0.32
6730000,8,26.1174,-5015.19,11.6398,0.312
6735000,8,19.7531,-5014.29,4.58894,0.298
6740000,13,36.8343,-4987.58,9.60947,0.348
6745000,12,38.1834,-4982.49,13.5782,0.330286
6750000,9,28.7221,-5007.25,12.2293,0.35
6755000,7,24.1458,-5013.11,8.00132,0.300957
6760000,8,25.4406,-5018.2,10.315,0.29
6765000,10,32.8686,-4990.24,8.66467,0.324
6770000,11,32.2392,-5007.94,14.0479,0.342
6775000,11,27.8539,-4995.11,11.8428,0.3556
6780000,7,24.4393,-5013.11,7.52991,0.301689
6785000,8,27.5437,-5011.61,7.86431,0.304085
6790000,10,29.8638,-4983.52,14.3088,0.312
6795000,8,27.8972,-5018.58,10.3338,0.3088
6800000,9,28.12,-5010.7,10.6727,0.338
6805000,13,37.1316,-4974.57,17.1337,0.33
6810000,11,31.8404,-4981.72,11.5403,0.32
6815000,9,26.2872,-5007.26,7.7988,0.315517
6820000,11,36.1408,-4994.42,9.86538,0.3244
6825000,13,40.966,-4985.23,21.2445,0.322
6830000,11,22.5139,-4989.37,11.9025,0.338
6835000,12,38.8584,-4981.65,13.5151,0.28
6840000,10,28.9075,-4982.74,7.44527,0.34
6845000,10,34.1678,-4994.39,13.1123,0.332889
6850000,9,25.898,-4993.41,6.83191,0.328
6855000,12,35.7866,-4988.31,13.0657,0.338
6860000,13,42.4627,-4974.37,14.2272,0.344
6865000,7,24.54,-5014.31,10.7255,0.296
6870000,8,26.4846,-5011.44,5.99164,0.305385
6875000,7,21.4238,-5022.56,6.3051,0.298
6880000,11,30.37,-4981.22,8.353,0.308
6885000,10,25.8946,-4999.57,7.81641,0.3344
6890000,13,32.2415,-4989.32,9.82935,0.334
6895000,11,29.5588,-4984.53,6.24508,0.323194
6900000,6,20.6332,-5021.02,6.60579,0.275185
6905000,10,29.0604,-4983.78,5.58021,0.323077
6910000,10,31.116,-4982.02,10.1658,0.318
6915000,12,37.2434,-4975.76,7.0366,0.346
6920000,12,36.6594,-4973.24,10.0566,0.346
6925000,6,19.6556,-5019.63,5.30503,0.28
6930000,6,20.7098,-5021.15,5.13291,0.263333
6935000,5,15.1339,-5026.44,8.27008,0.285127
6940000,11,35.8863,-4978.2,8.3826,0.335294
6945000,12,32.7374,-4998.63,6.88121,0.3188
6950000,11,33.2265,-4980.89,9.65404,0.324
6955000,11,32.8699,-4975.07,9.49513,0.338
6960000,13,33.6953,-4972.72,13.3895,0.356
6965000,10,27.2574,-4976.52,8.80213,0.322
6970000,12,30.1387,-4980.74,14.6774,0.362
6975000,7,23.7352,-5010.77,9.36733,0.286
6980000,8,27.9807,-5007.83,10.5978,0.272
6985000,14,35.162,-4980.32,9.57891,0.339273
6990000,14,31.9052,-4974.57,22.5019,0.3596
6995000,14,45.0624,-4978.12,14.3483,0.374
7000000,12,34.9542,-4981.97,9.65149,0.349778
7005000,9,31.1536,-5007.08,8.95601,0.328
7010000,6,19.0762,-5019.95,10.975,0.316571
7015000,7,24.7152,-5012.92,7.21968,0.26
7020000,7,18.871,-5023.05,11.5343,0.342
7025000,7,24.236,-5009.36,6.143,0.308316
7030000,11,36.7275,-4987.34,9.37797,0.3584
7035000,10,28.7054,-4986.54,7.04777,0.325091
7040000,8,27.4708,-5002.15,11.502,0.306
7045000,8,25.1029,-5002.92,8.11427,0.294
7050000,10,37.8504,-5013.4,11.1227,0.306
7055000,7,22.571,-5021.08,6.66626,0.292
7060000,10,22.0528,-4983.97,15.2716,0.288
7065000,10,31.349,-4982.8,8.53588,0.354
7070000,9,23.0148,-4985.23,5.59644,0.312
7075000,8,27.432,-5001.81,7.16263,0.317455
7080000,9,23.8419,-4986.72,11.5305,0.33
7085000,11,29.2522,-4988.59,11.236,0.348
7090000,10,32.8179,-4977.58,7.12117,0.344
7095000,13,35.1545,-4991.33,11.3216,0.356
7100000,9,19.9442,-4991.67,8.15508,0.323905
7105000,12,28.7096,-4977.41,11.1401,0.344545
7110000,7,24.0778,-5019.15,4.60999,0.284
7115000,9,23.3897,-4986.38,10.8288,0.326235
7120000,10,31.2077,-4988.98,7.60162,0.356
7125000,7,24.9053,-5016.28,9.47582,0.286
7130000,6,19.0547,-5021.98,7.41933,0.292522
7135000,7,23.0612,-5017.81,9.47377,0.246
7140000,9,24.3454,-4986.76,5.69479,0.304615
7145000,7,23.6087,-5016.01,3.4949,0.285448
7150000,11,31.0929,-4986.51,8.56893,0.332
7155000,8,25.633,-5016.51,8.47757,0.326
7160000,9,26.4975,-4986.63,8.81734,0.318
7165000,7,25.6282,-5011.4,7.75035,0.306
7170000,6,21.0402,-5024.99,8.90843,0.300061
7175000,11,31.1935,-4979.62,13.1553,0.364
7180000,11,34.9859,-4983.13,10.1047,0.314
7185000,6,22.8378,-5018.86,6.80541,0.3
7190000,6,22.3806,-5020.67,9.53272,0.334
7195000,8,20.1313,-5019.67,9.17649,0.31
7200000,14,42.7137,-4965.58,12.7073,0.358
7205000,12,31.4021,-4978.24,16.9801,0.348281
7210000,14,44.2765,-4965.11,14.0723,0.364
7215000,8,31.7869,-5017.44,7.23022,0.374
7220000,12,38.1504,-4981.71,17.8275,0.350706
7225000,13,38.521,-4967.18,14.0173,0.376
7230000,12,34.3603,-4978.28,11.7673,0.348
7235000,13,31.396,-4982.02,16.223,0.334
7240000,13,32.5624,-4977.87,15.133,0.354
7245000,7,22.9834,-5014.71,7.31245,0.32448
7250000,13,32.8701,-4982.88,15.5105,0.346133
7255000,7,25.5496,-5016.91,5.36556,0.348
7260000,8,27.2372,-5016.7,13.8627,0.356
7265000,8,28.0657,-5010.68,5.56294,0.3272
7270000,12,33.743,-4973.75,10.8768,0.358
7275000,12,39.176,-4973.73,12.9151,0.372
7280000,15,39.1385,-4973.4,19.9639,0.336
7285000,12,36.3164,-4973.99,9.85123,0.374
7290000,12,36.9834,-4983.81,18.938,0.332
7295000,13,39.384,-4976.73,22.8004,0.315053
7300000,6,21.4491,-5019.89,5.21102,0.256
7305000,15,45.3874,-4980.77,15.4802,0.341333
7310000,13,40.5123,-4988.05,11.439,0.352
7315000,6,21.0069,-5021.77,9.97921,0.290815
7320000,10,30.8369,-4986.83,7.53126,0.341032
7325000,8,27.7063,-5026.2,8.8244,0.34
7330000,5,18.2623,-5027.39,7.72565,0.311429
7335000,6,21.0841,-5022.26,5.50849,0.294
7340000,11,32.1655,-4988.25,8.97882,0.34
7345000,6,19.6425,-5021.68,10.0987,0.264
7350000,14,38.1162,-4982.68,12.7722,0.323333
7355000,11,31.3105,-4979.64,11.4797,0.340364
7360000,6,21.7372,-5022.87,14.2084,0.29544
7365000,10,20.3334,-4981.25,10.0185,0.3008
7370000,6,20.9605,-5026.66,4.14632,0.290842
7375000,13,41.5166,-4978.87,9.99947,0.384
7380000,12,37.7498,-4979.01,11.5123,0.328
7385000,12,33.4886,-4976.78,12.019,0.326
7390000,6,22.5132,-5021.81,3.86853,0.306
7395000,11,30.5456,-4979.16,11.581,0.276
7400000,6,22.6996,-5021,4.15471,0.306667
7405000,6,19.2478,-5022.94,7.59722,0.28
7410000,11,31.1136,-4988.58,20.1969,0.342
7415000,15,32.9891,-4982.26,16.7143,0.384
7420000,13,31.398,-4975.8,13.9924,0.343143
7425000,11,35.4505,-4991.47,5.90223,0.372
7430000,15,42.1533,-4965.71,9.81844,0.366
7435000,11,27.1645,-4969.9,13.6113,0.318286
7440000,11,30.4915,-4976.98,9.29122,0.336
7445000,7,26.2967,-5014.42,5.90673,0.299714
7450000,7,21.6055,-5016.34,5.09607,0.294
7455000,6,21.3441,-5021.65,4.79607,0.258
7460000,14,41.9044,-4973.6,14.0922,0.346
7465000,10,33.2668,-5000.15,15.1161,0.308
7470000,6,19.8183,-5032.24,7.08091,0.278
7475000,6,17.6435,-5021.23,6.11349,0.274
7480000,12,38.1747,-4974.37,17.6967,0.337026
7485000,12,37.97,-4974.99,17.038,0.304
7490000,8,26.6393,-5006.2,5.04953,0.27
7495000,11,35.2698,-4977.12,12.385,0.3
7500000,11,35.1507,-4978.98,8.95169,0.348
7505000,7,22.2141,-5025.29,13.561,0.336
7510000,12,35.103,-4982.48,13.1467,0.322
7515000,9,21.4722,-4998.59,8.83362,0.284
7520000,13,35.5433,-4986.57,14.3831,0.342
7525000,12,33.5666,-4988.49,11.3713,0.329333
7530000,12,33.8088,-4978.95,14.3594,0.304
7535000,15,37.6265,-4974.11,10.7644,0.376
7540000,6,17.1373,-5020.49,14.4492,0.282906
7545000,14,38.2563,-4970.68,14.9003,0.332
7550000,15,37.3838,-4972.51,18.0449,0.298
7555000,11,30.9041,-4987.68,7.67984,0.352
7560000,10,29.4011,-4986.34,6.02208,0.264
7565000,10,36.5567,-4996.44,10.5815,0.33
7570000,10,28.2694,-4978.3,7.74547,0.317556
7575000,11,25.8689,-4981.75,11.4245,0.314
7580000,9,24.0462,-4986.73,7.92078,0.326667
7585000,10,26.7767,-4993.5,14.0704,0.34
7590000,6,17.903,-5024.4,4.79586,0.308
7595000,11,36.9549,-4992.8,9.35022,0.308
7600000,9,23.0122,-4993.65,11.5735,0.29
7605000,9,21.1661,-4999.08,4.8426,0.316
7610000,13,35.8897,-4979.36,8.05103,0.346667
7615000,5,16.5626,-5031.04,11.8746,0.27878
7620000,5,17.1623,-5027.06,4.56207,0.254
7625000,10,26.8366,-4978.73,7.52624,0.316
7630000,5,16.0291,-5028.68,6.51713,0.314
7635000,9,22.1565,-5001.17,11.1217,0.322
7640000,11,28.3542,-4978.27,12.8664,0.34
7645000,6,19.7987,-5021.81,6.64886,0.272
7650000,8,23.3503,-5018.96,5.43383,0.336
7655000,8,22.5446,-5000.82,8.61393,0.288
7660000,6,18.2274,-5017.19,3.63575,0.308
7665000,13,36.0221,-4979.94,14.9697,0.354
7670000,8,23.1157,-5000.42,8.89935,0.368
7675000,9,25.994,-4990.32,5.18639,0.358
7680000,6,18.4512,-5023.36,7.8898,0.281538
7685000,12,35.3535,-4972.11,16.8644,0.336
7690000,11,29.6932,-4973.84,16.3904,0.346
7695000,5,15.6243,-5025.89,7.48472,0.303259
7700000,6,21.4954,-5022.77,3.82235,0.289663
7705000,9,27.6608,-4994.57,18.783,0.33
7710000,11,28.7228,-4986.18,11.4294,0.33
7715000,11,28.5884,-4983.95,12.5304,0.268
7720000,11,29.5815,-4980.09,11.5552,0.317333
7725000,5,16.0741,-5025.91,2.88018,0.2648
7730000,12,33.3904,-4983.53,10.2566,0.3032
7735000,14,35.9057,-4986.59,8.79657,0.318
7740000,13,32.0644,-4964.76,13.4825,0.33219
7745000,6,20.036,-5023.21,6.65904,0.306
7750000,14,35.4352,-4968.5,11.4406,0.32
7755000,14,35.8201,-4966.44,17.3748,0.336667
7760000,7,20.2961,-5024.37,8.43,0.296857
7765000,11,36.9353,-5001.94,9.96011,0.258
7770000,7,22.5962,-5016.41,8.6876,0.306
7775000,15,36.7706,-4978.01,13.9625,0.33
7780000,10,31.5041,-4989.45,8.09314,0.328
7785000,10,32.8864,-4987.93,7.43143,0.348
7790000,7,19.7454,-5030.47,4.32123,0.292966
7795000,13,36.099,-4970.78,16.5613,0.328
7800000,13,40.3934,-4984.82,8.50755,0.336952
7805000,5,16.5511,-5030.95,4.85563,0.273913
7810000,6,20.5444,-5017.56,9.61805,0.25
7815000,6,20.4509,-5023.44,3.66443,0.236
7820000,10,30.1589,-4985.72,10.0354,0.33
7825000,11,31.3586,-4971.06,9.63122,0.298
7830000,11,32.4858,-4984.35,8.88077,0.323529
7835000,7,23.0007,-5020.04,3.71446,0.3308
7840000,10,33.5356,-4980.28,8.19183,0.328
7845000,12,35.5958,-5002.26,13.9052,0.33
7850000,12,36.5352,-4987.31,11.1877,0.342
7855000,5,16.7312,-5028.21,3.67516,0.288
7860000,11,36.0416,-4983.94,10.7105,0.344
7865000,11,34.0674,-4980.16,6.51869,0.338
7870000,10,33.9401,-4982.55,7.40582,0.326
7875000,10,33.2645,-4987.79,15.5173,0.328
7880000,11,25.6325,-4985.02,17.0451,0.30536
7885000,11,30.1649,-4981.54,9.71679,0.304444
7890000,12,35.1885,-4975.63,14.5362,0.306
7895000,10,25.0233,-4978.8,11.1239,0.262
7900000,6,15.8815,-5026.95,9.53732,0.294
7905000,11,32.959,-4978.04,11.5607,0.296
7910000,12,33.9807,-4982,14.9951,0.320941
7915000,10,29.4066,-4983.34,4.47474,0.308727
7920000,12,36.1458,-4986.43,17.5632,0.324
7925000,13,36.437,-4978.08,20.4526,0.356
7930000,12,33.0892,-4976.65,14.2814,0.334
7935000,10,25.4067,-4988.24,7.83022,0.302
7940000,12,33.904,-4990.99,17.7209,0.282
7945000,10,26.7169,-4984,12.7104,0.308
7950000,13,38.0229,-4992.21,7.33024,0.322
7955000,10,32.0416,-5020.48,7.57496,0.312
7960000,7,24.0696,-5034.66,6.04309,0.3048
7965000,10,31.4614,-4991.94,11.2267,0.326
7970000,13,36.8535,-4983.94,15.7103,0.338
7975000,7,24.9805,-5011.92,9.17907,0.308839
7980000,8,24.8203,-5022.64,10.9575,0.322
7985000,11,32.1276,-4985.24,10.4024,0.331273
7990000,5,16.7614,-5031.78,4.89158,0.283119
7995000,8,28.4593,-5014.94,7.7161,0.345273
8000000,10,32.0813,-4991.89,7.42121,0.333412
8005000,11,32.2886,-4988.66,11.0704,0.3408
8010000,9,24.2176,-4981.86,11.1536,0.346
8015000,10,31.1343,-4987.83,5.8944,0.34
8020000,5,16.0735,-5028.64,8.00446,0.292
8025000,9,25.8746,-4991.73,7.00313,0.312
8030000,9,21.2914,-4996.55,11.4504,0.343111
8035000,5,16.7644,-5025.82,1.61188,0.283818
8040000,6,19.1246,-5022.65,7.82352,0.252
8045000,10,31.5313,-4988.83,13.3754,0.322381
8050000,12,36.7225,-4983.23,22.637,0.374
8055000,5,17.4625,-5031.15,7.07274,0.296
8060000,5,18.1952,-5029.98,3.35954,0.266
8065000,6,20.8862,-5022.6,9.0437,0.308667
8070000,10,27.5897,-4990.63,9.9097,0.317385
8075000,6,20.1651,-5018.82,13.6959,0.304
8080000,11,30.8609,-4992.64,6.99507,0.352
8085000,10,27.9125,-4989.32,10.2676,0.3356
8090000,10,28.2199,-4985.89,5.79684,0.294
8095000,5,14.9395,-5030.12,6.20786,0.274623
8100000,12,37.6442,-4977.72,18.3231,0.33552
8105000,14,40.3253,-4982.03,10.3452,0.384
8110000,13,44.2271,-4981.59,11.6306,0.36
8115000,11,34.9959,-4982.4,10.8702,0.316
8120000,13,37.1773,-4982.29,14.0755,0.348
8125000,11,33.6266,-4986.44,5.84388,0.308
8130000,14,42.5262,-4993.12,13.7039,0.339094
8135000,11,31.6147,-4978.21,8.82332,0.318
8140000,5,16.3616,-5027.74,6.86482,0.288815
8145000,12,29.2687,-4978.42,11.9857,0.308727
8150000,13,37.2337,-4977.54,13.5623,0.326
8155000,11,30.108,-4975.42,16.4983,0.333714
8160000,11,26.7086,-4973.6,14.4731,0.316
8165000,12,24.4048,-4974.59,14.7449,0.304
8170000,10,28.5429,-4982.37,10.5452,0.309333
8175000,15,28.826,-4972.44,15.3211,0.324947
8180000,13,38.3144,-4994.7,9.75677,0.326
8185000,13,39.8521,-4972.33,12.8873,0.330118
8190000,5,17.6603,-5030.41,3.16837,0.238
8195000,10,29.7351,-4984.11,4.97306,0.344
8200000,13,34.575,-4963.5,7.84097,0.312
8205000,13,34.684,-4966.62,8.26188,0.28
8210000,6,21.5603,-5022.63,4.70619,0.282133
8215000,6,21.8322,-5019.52,2.65081,0.306
8220000,5,15.7154,-5027.9,4.79766,0.264
8225000,11,31.9859,-4979.52,9.95835,0.308
8230000,12,34.7787,-4973.9,15.7007,0.3
8235000,12,33.8242,-4974.91,10.4096,0.36
8240000,14,45.8908,-4980.05,11.915,0.34
8245000,11,35.3413,-4978.51,5.15655,0.338667
8250000,15,42.3789,-4981.6,17.5336,0.338
8255000,6,16.0306,-5021.76,8.79274,0.292
8260000,8,27.2311,-5013.52,8.06479,0.31
8265000,5,17.9672,-5026.82,4.15066,0.266
8270000,8,25.9793,-5013,7.65582,0.296
8275000,12,33.5335,-4972.75,11.9231,0.284
8280000,11,26.3196,-4975.92,11.3373,0.314
8285000,15,43.0005,-4969.67,12.1443,0.331774
8290000,13,38.2175,-4965.09,13.8677,0.312
8295000,6,20.5762,-5020.4,4.97761,0.30544
8300000,14,37.9553,-4973.16,17.9363,0.362
8305000,6,21.0648,-5028.13,6.20357,0.306
8310000,11,34.1067,-4987.94,6.9565,0.32
8315000,11,33.9464,-4984.5,10.4653,0.348
8320000,14,39.2525,-4967.72,10.3813,0.347091
8325000,11,32.798,-4982.17,12.2794,0.320909
8330000,12,33.3056,-4974.33,10.6537,0.314
8335000,10,26.4115,-4985.07,13.0634,0.309176
8340000,11,36.2157,-4981.86,5.29893,0.354
8345000,11,37.8329,-4981.48,11.4456,0.336
8350000,11,28.829,-4978.48,12.3246,0.325704
8355000,11,32.0973,-4977.86,9.92646,0.296
8360000,11,38.4925,-4989.34,13.4182,0.316
8365000,6,18.5417,-5023.71,3.63172,0.2988
8370000,6,18.1294,-5025.33,6.00102,0.316
8375000,13,39.0042,-4977.62,9.17788,0.34
8380000,5,17.9895,-5033.55,5.54787,0.328
8385000,6,21.2408,-5018.16,4.23123,0.276
8390000,6,21.1604,-5021.49,7.68588,0.298933
8395000,6,21.6792,-5019.23,3.38153,0.288
8400000,11,31.5199,-4975.52,13.1931,0.34
8405000,7,20.8931,-5023,3.86904,0.292
8410000,11,35.8521,-4982.47,9.52344,0.362
8415000,12,32.3366,-4992.94,9.26332,0.342
8420000,9,24.2514,-4994.51,10.9932,0.334364
8425000,7,22.4108,-5016.15,7.9831,0.335333
8430000,9,23.7793,-5005.38,13.5771,0.309263
8435000,5,14.9408,-5032.51,3.52004,0.244
8440000,13,34.1225,-4976.6,6.72973,0.384
8445000,13,35.3121,-4984.59,10.7093,0.339714
8450000,11,30.5841,-4976.57,9.15804,0.334
8455000,5,13.0403,-5030.99,7.38677,0.27
8460000,6,20.2569,-5020.49,9.29964,0.328
8465000,6,16.864,-5018.93,11.152,0.305111
8470000,10,27.598,-4984.67,5.69352,0.318364
8475000,6,20.8025,-5017.7,1.57757,0.32
8480000,8,28.7938,-5015.88,9.13847,0.342
8485000,6,20.9352,-5021.38,7.15225,0.302
8490000,11,30.3011,-4983.22,11.545,0.356
8495000,10,27.2929,-4983.47,15.3158,0.298
8500000,11,26.7434,-4980.37,14.0248,0.318
8505000,7,20.7331,-5022.12,8.58793,0.304
8510000,11,31.2675,-4982.15,15.8437,0.32
8515000,9,26.2159,-5023.38,11.0487,0.319077
8520000,11,32.2446,-4976.53,9.08152,0.328
8525000,12,33.6618,-4974.77,11.3781,0.346
8530000,5,14.7584,-5026.83,9.82579,0.288857
8535000,8,24.1855,-5020.37,9.23867,0.33
8540000,7,24.4045,-5018.34,10.227,0.2948
8545000,11,29.922,-4987.34,8.09412,0.278
8550000,11,29.9102,-4984.75,10.6885,0.276
8555000,11,29.1422,-4986.21,6.62299,0.284
8560000,12,37.1889,-4999.13,12.3628,0.33
8565000,5,16.9559,-5027.23,5.07137,0.316
8570000,15,49.3324,-4974.9,10.2934,0.378
8575000,11,31.8164,-4993.34,11.7313,0.304
8580000,5,17.8091,-5027.47,5.70366,0.266
8585000,11,34.5487,-4981.19,8.24011,0.3284
8590000,13,43.6232,-4981.2,7.56392,0.322
8595000,13,38.1378,-4972.43,7.84864,0.332
8600000,10,28.132,-4984.09,11.2897,0.314667
8605000,7,24.9723,-5020.27,7.51658,0.304038
8610000,7,19.9575,-5018.29,5.14691,0.32
8615000,12,40.8387,-4974.58,10.3106,0.356
8620000,12,37.2488,-4978.71,13.1815,0.322
8625000,7,17.2816,-5025.83,13.9029,0.314
8630000,12,37.0236,-4977.5,11.4604,0.332471
8635000,12,32.9968,-4986.23,6.77469,0.342182
8640000,12,37.2788,-4991.38,10.0334,0.36
8645000,10,31.3152,-4988.92,7.42136,0.298
8650000,10,31.229,-4978.77,12.6437,0.34
8655000,5,16.4129,-5036.55,3.11081,0.25648
8660000,11,35.3603,-4992.4,6.23618,0.312
8665000,5,15.4309,-5028.17,7.04177,0.267158
8670000,5,16.9976,-5026.05,4.98954,0.244
8675000,11,25.846,-4977.12,13.5889,0.3264
8680000,5,18.2011,-5030.83,3.23797,0.246
8685000,11,31.8742,-4972.75,10.4144,0.329846
8690000,13,34.2596,-4968.75,16.8318,0.352
8695000,5,16.4438,-5027.18,4.8783,0.292
8700000,12,39.1876,-4987.26,8.11183,0.342
8705000,11,28.119,-4980.25,8.20305,0.286
8710000,10,27.5906,-4986.3,6.72575,0.334571
8715000,5,15.1772,-5029.13,2.50176,0.26
8720000,10,32.192,-4992.61,11.0023,0.284
8725000,8,26.3795,-5013.09,9.89144,0.311704
8730000,11,32.5666,-4985.72,7.49084,0.318
8735000,11,28.9949,-4983.2,12.1507,0.374
8740000,8,21.4734,-5012.32,8.59708,0.26
8745000,6,19.8782,-5021.23,3.22454,0.265455
8750000,6,17.4352,-5025.65,9.41381,0.298
8755000,10,31.7163,-5000.1,11.2117,0.298
8760000,11,31.6745,-4986.4,14.0883,0.292
8765000,6,17.9438,-5020.14,6.05003,0.256
8770000,10,33.8527,-4991.41,12.5708,0.326897
8775000,10,32.8705,-4987.7,11.3462,0.34
8780000,6,15.6145,-5019.24,9.87474,0.275586
8785000,11,30.0398,-4985.84,9.90782,0.316154
8790000,8,27.3382,-5012.68,11.0404,0.316
8795000,10,25.6355,-4991.73,7.7861,0.33
8800000,10,32.0866,-4977.49,12.3796,0.31
8805000,7,22.9427,-5010.61,9.46886,0.28
8810000,9,27.7991,-4993.69,11.3896,0.328
8815000,10,26.1135,-4983.95,9.10499,0.332
8820000,12,32.0479,-4975.33,16.1545,0.33
8825000,9,23.9052,-4987.27,11.2241,0.276
8830000,9,24.388,-4983.07,8.56077,0.299333
8835000,6,22.227,-5015.17,4.69463,0.315636
8840000,12,39.3871,-4985.3,14.7392,0.313244
8845000,11,31.4901,-4979.71,8.17528,0.334
8850000,7,25.1452,-5018.61,4.00668,0.322345
8855000,6,19.7228,-5021.64,3.66665,0.285854
8860000,11,28.8729,-4993.79,11.2961,0.298
8865000,11,31.8094,-4980.25,10.5751,0.298667
8870000,6,18.426,-5023.99,7.61177,0.267333
8875000,7,23.872,-5015.01,14.7925,0.258
8880000,12,34.2835,-4976.36,10.2968,0.328
8885000,7,22.5832,-5019.44,7.34443,0.292
8890000,6,18.0668,-5028.13,5.496,0.238
8895000,13,40.7058,-4978.99,16.219,0.333793
8900000,12,32.5974,-4981.11,11.2044,0.332
8905000,11,33.319,-4982.6,14.3509,0.318
8910000,11,31.8478,-4982.73,8.9304,0.362
8915000,10,33.0863,-4989.74,9.4408,0.346
8920000,10,28.0204,-4982.6,8.36607,0.31
8925000,6,22.994,-5032.47,7.58715,0.290755
8930000,6,20.1993,-5026.68,4.05821,0.294
8935000,5,19.132,-5027.92,3.14279,0.288
8940000,6,22.3058,-5018.27,3.31837,0.297778
8945000,6,20.3155,-5021.13,4.45608,0.268
8950000,6,20.4594,-5019.48,10.0464,0.276
8955000,12,28.2251,-4988.67,7.29344,0.282
8960000,11,31.3875,-4985.13,7.43515,0.26
8965000,11,32.9351,-4991.27,13.136,0.342
8970000,10,30.5047,-4989.22,17.9269,0.334
8975000,10,29.5687,-4988.17,7.82693,0.336
8980000,12,34.8007,-4978.89,12.902,0.33
8985000,13,35.8996,-4994.06,15.5545,0.334
8990000,13,39.0735,-4975.96,9.61609,0.332
8995000,14,38.6012,-4971.87,11.8808,0.366
9000000,13,41.7074,-4977.53,16.1388,0.362
9005000,12,39.2246,-4985.34,7.83449,0.38
9010000,13,34.7194,-4982.96,16.1155,0.336378
9015000,13,42.5283,-4986.62,13.349,0.332
9020000,16,44.5348,-4976.49,16.2384,0.376
9025000,11,31.6098,-4990,15.229,0.338
9030000,11,25.3778,-4988.95,14.567,0.35
9035000,10,36.433,-4981.84,7.83583,0.322
9040000,14,33.3378,-4981.5,13.1811,0.328
9045000,8,27.9133,-5004.12,9.18281,0.276
9050000,13,41.7618,-4987.79,20.3388,0.372
9055000,12,40.2564,-4989.86,11.0471,0.388
9060000,11,35.5647,-4981.27,9.36167,0.386
9065000,11,31.5009,-4992.79,10.631,0.312
9070000,12,39.4432,-4987.45,12.906,0.402
9075000,12,39.3077,-4991.03,16.3807,0.336
9080000,10,28.494,-4985.81,13.6928,0.332
9085000,6,21.8907,-5018.81,3.61043,0.312696
9090000,11,37.5201,-4981.1,7.68223,0.368
9095000,7,22.0885,-5011.7,4.58527,0.283929
9100000,9,26.9093,-4987.66,7.14444,0.354
9105000,12,35.9552,-4992.92,20.2507,0.318
9110000,10,30.3593,-4988.51,8.41745,0.318588
9115000,12,36.9127,-4998.92,11.035,0.31
9120000,5,16.7722,-5028.08,6.18567,0.24
9125000,7,23.0516,-5016.67,10.1505,0.2828
9130000,12,41.1086,-4989.24,11.5697,0.296
9135000,14,36.1292,-4992.24,11.3013,0.35
9140000,13,40.9114,-4993.23,13.9595,0.338316
9145000,10,30.8941,-4995.75,11.1513,0.33
9150000,9,30.4522,-4989.78,9.63082,0.284
9155000,5,16.4845,-5037.31,7.28738,0.272118
9160000,7,25.2031,-5011.96,7.17328,0.326182
9165000,13,41.8929,-4989.26,16.1863,0.296
9170000,12,37.3041,-4980.01,11.0822,0.301333
9175000,12,41.162,-4981.32,17.5407,0.37
9180000,11,30.1341,-4978.38,13.4816,0.336
9185000,5,16.5888,-5032.97,6.60783,0.285419
9190000,12,41.0982,-4982.4,14.7024,0.32
9195000,9,29.1673,-4987.63,8.54825,0.258
9200000,7,22.564,-5030.96,8.39642,0.278
9205000,15,46.7128,-4976.01,15.7515,0.328
9210000,9,28.3021,-4992.34,8.59977,0.382
9215000,10,32.8837,-4990.97,11.1213,0.306
9220000,11,33.5737,-4988.37,14.5135,0.305333
9225000,10,24.5614,-4987.35,10.0211,0.304
9230000,5,17.0782,-5035.81,2.85674,0.25
9235000,6,21.5075,-5025.5,5.94639,0.33
9240000,7,23.0561,-5014.49,4.63392,0.304
9245000,11,33.0954,-4989.12,15.2977,0.342133
9250000,13,37.7843,-4977.33,10.0918,0.354
9255000,11,33.4653,-4981.17,13.6299,0.34
9260000,12,34.5554,-4980.42,14.0306,0.392
9265000,13,36.7938,-4978.58,11.0287,0.346
9270000,12,35.1631,-4979.4,8.47498,0.31984
9275000,9,23.6942,-4990.27,16.8036,0.29
9280000,11,30.5498,-4984.84,11.4983,0.302
9285000,10,29.9042,-4993.12,7.81814,0.336
9290000,11,29.4355,-4980.34,12.4932,0.322
9295000,12,31.4414,-4975.61,13.0971,0.358
9300000,12,27.3755,-4976.12,16.9464,0.34
9305000,5,17.798,-5027.37,6.20197,0.294
9310000,13,40.1493,-4977.23,17.4538,0.324
9315000,5,16.6626,-5027.05,5.8721,0.284667
9320000,13,29.9299,-4973.43,8.94938,0.352
9325000,11,24.2921,-4983.09,8.05228,0.294
9330000,6,20.5169,-5023.19,4.82325,0.3108
9335000,11,31.6625,-4979.26,11.8131,0.294
9340000,11,33.1922,-4979.72,10.7926,0.314
9345000,8,24.5562,-5013.71,8.00943,0.324667
9350000,11,31.023,-4985.29,12.5108,0.316588
9355000,11,29.449,-4979.5,10.7435,0.332
9360000,7,19.7904,-5027.25,6.60518,0.352
9365000,9,26.7933,-4991.49,5.85405,0.309067
9370000,10,30.3385,-4985.54,10.5984,0.364
9375000,10,29.5208,-4980.44,14.4904,0.332
9380000,10,25.2878,-4985.05,14.2727,0.352
9385000,8,25.5814,-5025.66,11.2793,0.3112
9390000,10,29.7521,-4987.25,11.8768,0.332
9395000,9,25.4601,-4986.31,6.49732,0.286
9400000,10,28.7138,-4988.06,11.5977,0.308
9405000,10,28.0188,-4988.44,5.23672,0.318
9410000,6,20.6962,-5019.19,3.23347,0.302
9415000,9,25.1396,-4996.17,14.7616,0.3
9420000,6,18.3625,-5026.33,3.92414,0.290038
9425000,7,24.5792,-5026.22,6.21725,0.287778
9430000,6,17.2315,-5026.05,9.80895,0.274857
9435000,6,19.7546,-5020.4,10.2099,0.294
9440000,9,28.7392,-4988.97,9.85507,0.317391
9445000,10,34.0427,-5001.26,10.9674,0.342
9450000,10,31.4947,-4988.77,10.9883,0.326
9455000,9,25.3167,-4989.18,10.0679,0.296
9460000,13,36.7788,-4983.42,20.1736,0.348
9465000,5,14.162,-5027.9,6.91522,0.256
9470000,10,31.5143,-4992.84,12.8482,0.272
9475000,10,25.9616,-4989.55,14.069,0.282
9480000,11,32.3168,-4987.29,8.22529,0.33
9485000,8,26.0851,-5000.45,8.59981,0.316
9490000,9,30.4802,-5000.03,6.1879,0.334
9495000,10,32.4628,-5000.77,6.76851,0.326
9500000,8,26.9232,-5015.85,9.39452,0.34
9505000,11,33.1251,-4993.03,13.691,0.346
9510000,5,16.7583,-5028.7,5.29022,0.27
9515000,6,20.1561,-5022.74,7.12722,0.266
9520000,11,26.3276,-4981.92,5.36954,0.274
9525000,10,28.9157,-4988.2,15.4779,0.328136
9530000,15,33.8989,-4980.73,14.9681,0.342
9535000,11,33.23,-5000.64,11.1742,0.345538
9540000,11,25.8933,-4972.66,16.9299,0.342
9545000,11,33.0207,-4975.92,8.40462,0.324
9550000,8,25.1619,-4999.55,10.4513,0.27
9555000,11,34.6225,-4974.24,9.56483,0.336
9560000,9,25.734,-4999.5,7.48619,0.34
9565000,8,26.7797,-4997.66,5.16465,0.318
9570000,9,28.7519,-4998.19,15.8623,0.314
9575000,5,17.1319,-5026.98,10.9137,0.2948
9580000,5,16.5529,-5031.9,3.51622,0.254
9585000,11,34.476,-4999.72,9.8296,0.384
9590000,5,13.4307,-5028.25,8.68541,0.234
9595000,6,19.9059,-5029.01,4.0067,0.342
9600000,9,22.6015,-4989.45,5.10617,0.364
9605000,10,20.8912,-4997.19,8.38318,0.308
9610000,10,23.5431,-4986.27,12.4024,0.32
9615000,10,28.2257,-4994,8.27342,0.33
9620000,8,24.9122,-5023.11,3.83002,0.322
9625000,9,26.5642,-4996.44,9.25794,0.28
9630000,6,22.0746,-5027.52,3.20932,0.32
9635000,7,20.81,-5019.44,10.7195,0.304
9640000,8,24.7601,-4992.88,7.65082,0.306
9645000,8,22.7405,-4997.38,4.22073,0.292
9650000,9,28.263,-5001.97,9.55271,0.31
9655000,12,36.469,-4989.8,9.79722,0.344
9660000,10,31.2341,-5001.01,9.75121,0.35
9665000,9,27.9002,-5000.74,11.1225,0.264
9670000,9,27.4504,-5002.2,7.14444,0.328
9675000,10,26.3355,-4998.21,8.71877,0.342
9680000,9,29.7162,-4994.92,5.82552,0.314
9685000,8,28.9921,-5010.71,7.01743,0.334
9690000,9,28.9888,-5013.97,6.8721,0.33
9695000,9,28.1957,-4993.43,10.8385,0.316
9700000,8,26.1432,-5008.05,11.106,0.3064
9705000,11,39.1237,-4999.49,12.3457,0.3124
9710000,5,18.1863,-5030.15,7.16328,0.308
9715000,11,27.8311,-4990.03,14.5984,0.329231
9720000,11,29.5065,-4976.92,14.7829,0.301333
9725000,7,26.4156,-5013.69,4.07413,0.310195
9730000,7,23.4298,-5013.36,9.2927,0.264
9735000,8,20.593,-4999.19,11.6348,0.310667
9740000,6,21.2709,-5019.2,3.85501,0.332
9745000,9,26.5518,-5008.49,6.48507,0.312588
9750000,7,24.11,-5015.29,4.94671,0.286
9755000,11,31.1505,-4988.78,14.8336,0.334
9760000,7,24.2437,-5015.11,5.46826,0.284615
9765000,7,24.0316,-5015.2,6.15204,0.310889
9770000,7,21.8002,-5014.02,7.6524,0.28
9775000,5,19.2733,-5026.05,7.73051,0.287806
9780000,7,23.8896,-5016.03,4.3267,0.302
9785000,8,26.6954,-5014.44,5.84137,0.324
9790000,11,36.5329,-4986.08,12.1655,0.331077
9795000,12,35.5882,-4983.72,14.9776,0.320222
9800000,12,34.1932,-4980.77,10.4697,0.3
9805000,7,25.0122,-5015.15,7.12562,0.288
9810000,6,20.6216,-5024.69,5.0824,0.288
9815000,10,28.5774,-4999.41,13.1207,0.302
9820000,7,22.7913,-5027.22,7.83544,0.285368
9825000,13,41.2584,-4992.11,8.42548,0.304041
9830000,9,24.6971,-4988.68,7.62613,0.292
9835000,11,30.374,-4995.83,11.2373,0.354
9840000,5,18.3795,-5027.62,6.24708,0.254
9845000,9,28.2225,-4992.93,5.72108,0.310069
9850000,6,19.1453,-5020.77,14.9045,0.3
9855000,10,29.4116,-4993.06,10.1365,0.33581
9860000,7,23.1035,-5021.33,9.51583,0.275368
9865000,5,17.1435,-5023.32,6.59052,0.322
9870000,5,16.59,-5025.64,5.06957,0.322
9875000,9,28.2996,-4999.03,11.7857,0.294
9880000,9,26.2963,-4991.81,8.52192,0.336
9885000,10,25.7844,-4988.21,17.1365,0.302
9890000,5,17.2383,-5029.49,9.30899,0.288286
9895000,12,36.9902,-4980.99,11.6354,0.362
9900000,10,28.3282,-4992.06,17.2573,0.336667
9905000,9,26.7734,-4997.2,7.07331,0.302
9910000,6,22.5815,-5020.71,6.28151,0.348
9915000,11,31.6125,-4986.69,12.7564,0.338
9920000,11,28.4875,-4985.81,7.21237,0.346
9925000,11,26.6832,-4974.92,11.9271,0.29
9930000,11,32.9628,-4980.56,12.4721,0.338
9935000,12,41.157,-4984.14,7.08951,0.338
9940000,6,18.5211,-5020.61,8.84632,0.280702
9945000,13,32.9502,-4975.86,18.8772,0.324
9950000,7,19.4145,-5020.26,8.66873,0.304
9955000,11,28.9538,-4977.09,11.1251,0.306
9960000,7,23.4399,-5012.36,7.84107,0.322933
9965000,12,30.4657,-4990.43,11.7602,0.36
9970000,10,30.548,-4986.23,7.57093,0.3212
9975000,6,21.4208,-5022.28,7.02216,0.278
9980000,8,27.1148,-5021.02,7.87046,0.287818
9985000,8,28.3229,-5003.61,9.57106,0.308286
9990000,8,27.5441,-5016.07,4.21535,0.292
9995000,9,25.7528,-4982.22,9.1954,0.308
