generation,N_shifts,logPrior,logLik,eventRate,acceptRate
0,0,1.65235,-276.809,1,0
5,0,1.65235,-276.809,1,0.2
10,0,1.65235,-276.809,1,0.2
15,0,1.65235,-276.809,1,0.2
20,0,2.4356,-276.809,0.216752,0.3
25,0,1.96083,-276.809,0.691518,0.36
30,0,2.4957,-276.809,0.156653,0.366667
35,0,2.59713,-276.809,0.0552192,0.371429
40,0,2.59713,-276.809,0.0552192,0.375
45,0,2.5527,-276.809,0.099651,0.355556
50,0,2.10303,-276.809,0.549323,0.36
55,0,1.74926,-276.809,0.903084,0.363636
60,0,1.74926,-276.809,0.903084,0.35
65,0,2.50713,-276.809,0.145218,0.353846
70,0,2.50713,-276.809,0.145218,0.342857
75,0,2.50713,-276.809,0.145218,0.333333
80,0,2.50713,-276.809,0.145218,0.325
85,0,2.59832,-276.809,0.0540278,0.341176
90,0,2.5326,-276.809,0.119749,0.344444
95,0,2.5326,-276.809,0.119749,0.347368
100,0,2.5326,-276.809,0.119749,0.34
105,0,2.5326,-276.809,0.119749,0.333333
110,0,2.5326,-276.809,0.119749,0.327273
115,0,2.60834,-276.809,0.0440058,0.321739
120,0,2.60834,-276.809,0.0440058,0.325
125,0,1.55101,-276.809,1.10134,0.328
130,0,2.11039,-277.111,0.524908,0.330769
135,0,0.688346,-277.111,1.94695,0.325926
140,0,0.688346,-277.111,1.94695,0.321429
145,0,0.688346,-277.111,1.94695,0.310345
150,0,0.688346,-277.111,1.94695,0.3
155,0,1.30357,-277.111,1.33172,0.309677
160,0,1.29452,-278.424,1.33172,0.31875
165,0,2.18584,-277.402,0.496516,0.327273
170,0,2.18584,-277.402,0.496516,0.317647
175,0,2.18584,-277.402,0.496516,0.314286
180,0,2.18584,-277.402,0.496516,0.316667
185,0,1.38759,-277.402,1.29476,0.324324
190,0,1.38597,-277.309,1.29476,0.321053
195,0,0.973059,-277.309,1.70768,0.317949
200,0,0.965313,-276.986,1.70768,0.32
205,0,0.947597,-276.911,1.70768,0.317073
210,0,1.4297,-278.395,1.26481,0.319048
215,0,2.29614,-278.395,0.39837,0.32093
220,0,2.29614,-278.395,0.39837,0.313636
225,0,2.29614,-278.395,0.39837,0.32
230,0,2.30665,-279.73,0.39837,0.326087
235,0,2.28139,-277.258,0.39837,0.32766
240,0,1.4825,-276.861,1.18432,0.329167
245,0,2.41932,-276.861,0.247496,0.326531
250,0,2.53372,-276.861,0.133102,0.332
255,0,1.34344,-276.861,1.32337,0.333333
260,0,1.34344,-276.861,1.32337,0.326923
265,0,1.34344,-276.861,1.32337,0.324528
270,1,3.19977,-275.318,0.571558,0.32963
275,1,2.32537,-271.57,1.81168,0.338182
280,1,1.46188,-271.62,2.67517,0.342857
285,1,1.48429,-274.005,2.67517,0.350877
290,1,1.57913,-273.781,2.67517,0.355172
295,1,1.57913,-273.781,2.67517,0.349153
300,1,1.67273,-273.635,2.67517,0.36
305,1,1.67273,-273.632,2.67517,0.360656
310,1,1.66649,-273.604,2.67517,0.358065
315,1,1.71743,-268.789,2.67517,0.365079
320,1,1.72828,-268.848,2.67517,0.3625
325,1,1.72828,-268.848,2.67517,0.356923
330,1,1.72828,-268.86,2.67517,0.354545
335,1,1.93397,-269.05,2.50128,0.364179
340,1,2.2187,-266.613,2.50128,0.367647
345,1,2.22459,-266.562,2.50128,0.371014
350,1,1.76646,-266.562,2.95942,0.371429
355,1,1.76108,-266.178,2.95942,0.377465
360,1,1.76445,-266.175,2.95942,0.380556
365,1,3.97844,-266.854,0.952931,0.383562
370,1,4.08218,-266.428,0.952931,0.383784
375,1,4.61758,-267.262,0.446949,0.386667
380,1,4.5056,-267.272,0.558181,0.389474
385,1,4.5056,-267.444,0.558181,0.38961
390,1,4.51017,-267.588,0.558181,0.394872
395,1,4.51546,-267.52,0.558181,0.394937
400,1,4.51546,-267.692,0.558181,0.3975
405,1,4.77934,-267.545,0.2943,0.397531
410,1,4.74823,-267.795,0.2943,0.4
415,1,4.40624,-268.165,0.621595,0.404819
420,1,4.38132,-267.327,0.621595,0.409524
425,1,4.34746,-267.8,0.621595,0.411765
430,1,3.11732,-266.905,1.90778,0.411628
435,1,3.09562,-266.987,1.90778,0.411494
440,1,2.015,-266.987,2.98841,0.411364
445,1,4.67067,-266.987,0.332738,0.411236
450,1,3.63248,-266.987,1.37092,0.413333
455,1,4.43715,-267.026,0.566257,0.415385
460,1,4.46921,-266.567,0.566257,0.417391
465,1,4.47016,-266.392,0.566257,0.419355
470,1,4.33277,-266.247,0.741084,0.421277
475,1,4.55586,-266.255,0.517228,0.423158
480,1,4.49746,-266.582,0.517228,0.427083
485,1,2.26857,-266.463,2.74612,0.426804
490,1,4.50661,-266.327,0.499812,0.430612
495,1,4.49513,-266.361,0.499812,0.428283
500,1,4.49513,-266.314,0.499812,0.428
505,1,4.45097,-266.108,0.499812,0.4
510,1,4.45097,-266.108,0.499812,0.2
515,1,2.2752,-266.236,2.66679,0.4
520,1,4.27735,-266.768,0.612854,0.45
525,1,4.14957,-268.799,0.612854,0.44
530,1,3.93351,-267.036,0.94032,0.466667
535,1,4.02052,-266.864,0.94032,0.485714
540,1,4.03288,-267.264,0.896565,0.525
545,1,3.55891,-266.238,0.907298,0.555556
550,1,3.59803,-266.112,0.907298,0.54
555,1,3.59803,-266.224,0.907298,0.545455
560,1,3.59803,-266.135,0.907298,0.55
565,1,3.5302,-266.429,0.907298,0.523077
570,1,3.46206,-266.672,0.975441,0.542857
575,1,4.14535,-266.324,0.356675,0.533333
580,1,4.12202,-266.33,0.356675,0.5375
585,1,4.12202,-266.257,0.356675,0.541176
590,1,3.67526,-266.423,0.726085,0.555556
595,1,3.89672,-267.229,0.726085,0.568421
600,1,3.89672,-267.19,0.726085,0.56
605,1,4.14599,-267.766,0.726085,0.552381
610,1,4.14599,-267.89,0.726085,0.545455
615,1,4.14599,-267.718,0.726085,0.547826
620,1,4.18961,-267.591,0.726085,0.55
625,1,4.18961,-267.694,0.726085,0.552
630,1,4.25668,-267.679,0.726085,0.569231
635,1,4.19894,-268.009,0.726085,0.57037
640,1,4.23316,-267.983,0.723998,0.571429
645,1,4.30158,-267.164,0.723998,0.57931
650,1,4.30158,-267.248,0.723998,0.566667
655,1,4.42948,-267.319,0.584008,0.56129
660,1,4.8062,-267.344,0.203279,0.5625
665,1,4.84257,-267.037,0.203279,0.557576
670,1,4.5808,-266.78,0.443876,0.564706
675,1,4.5808,-266.78,0.443876,0.554286
680,1,4.85255,-266.739,0.172123,0.561111
685,1,4.44391,-266.922,0.551624,0.562162
690,1,3.91563,-267.029,1.07991,0.568421
695,1,3.92762,-266.948,1.07991,0.564103
700,1,4.48167,-267.592,0.46093,0.565
705,1,4.48167,-267.677,0.46093,0.556098
710,1,4.48167,-267.714,0.46093,0.547619
715,1,4.71707,-267.714,0.225526,0.548837
720,1,4.71707,-267.714,0.225526,0.536364
725,1,4.71707,-267.714,0.225526,0.533333
730,1,4.76789,-267.275,0.225526,0.534783
735,1,4.70052,-267.757,0.225526,0.531915
740,1,4.69993,-267.758,0.225526,0.525
745,1,4.69993,-267.762,0.225526,0.522449
750,1,4.69993,-267.867,0.225526,0.516
755,1,4.69993,-267.941,0.225526,0.509804
760,1,3.7555,-268.078,1.16995,0.515385
765,1,3.7555,-268.093,1.16995,0.509434
770,1,3.7555,-268.167,1.16995,0.514815
775,1,3.71234,-268.277,1.16995,0.509091
780,1,4.5216,-268.152,0.360689,0.507143
785,1,4.5216,-268.172,0.360689,0.505263
790,1,4.4146,-268.901,0.360689,0.506897
795,1,3.91106,-268.815,0.864229,0.505085
800,1,3.91106,-268.909,0.864229,0.506667
805,1,3.09303,-268.79,1.68226,0.511475
810,1,3.09303,-268.885,1.68226,0.506452
815,1,3.72221,-269.768,0.989961,0.511111
820,1,4.13258,-269.781,0.579584,0.515625
825,1,4.13649,-269.439,0.575679,0.513846
830,1,4.13649,-269.464,0.575679,0.509091
835,1,4.13637,-269.554,0.575679,0.507463
840,1,4.19389,-269.042,0.575679,0.508824
845,1,4.02444,-269.292,0.705164,0.513043
850,1,4.54163,-268.62,0.288509,0.517143
855,1,4.13629,-268.799,0.288509,0.521127
860,1,4.24258,-266.8,0.288509,0.525
865,1,4.45194,-266.684,0.0845198,0.531507
870,1,4.22396,-266.86,0.312503,0.532432
875,1,4.22396,-266.959,0.312503,0.533333
880,1,3.72192,-266.959,0.814535,0.531579
885,1,4.01514,-266.856,0.520952,0.532468
890,1,4.20003,-266.793,0.336059,0.535897
895,1,4.22288,-266.525,0.336059,0.534177
900,1,4.26241,-266.525,0.296529,0.53
905,1,4.27197,-266.753,0.288637,0.533333
910,1,4.29221,-266.753,0.268404,0.534146
915,1,4.29221,-266.994,0.268404,0.53494
920,1,4.29221,-266.994,0.268404,0.528571
925,1,3.39126,-266.994,1.16935,0.527059
930,1,3.39516,-266.949,1.16935,0.523256
935,1,3.39516,-267.156,1.16935,0.51954
940,1,3.38877,-267.237,1.16935,0.515909
945,1,3.38877,-267.237,1.16935,0.51236
950,1,3.38877,-267.237,1.16935,0.506667
955,1,3.38877,-267.237,1.16935,0.503297
960,1,2.55289,-267.237,2.00523,0.5
965,1,2.56305,-268.245,2.00523,0.503226
970,1,2.85438,-268.388,1.71494,0.508511
975,1,3.35093,-268.657,1.21838,0.509474
980,1,3.35093,-268.609,1.21838,0.508333
985,1,3.1788,-268.372,1.21838,0.509278
990,1,3.04977,-270.261,1.21838,0.508163
995,1,3.52818,-268.106,0.640142,0.511111
1000,1,3.52818,-268.106,0.640142,0.506
1005,1,3.52614,-267.86,0.640142,0.2
1010,1,2.94487,-267.813,1.22142,0.4
1015,1,2.94487,-267.813,1.22142,0.266667
1020,1,3.60627,-267.788,0.560017,0.35
1025,1,3.60627,-267.973,0.560017,0.36
1030,1,3.60627,-267.956,0.560017,0.366667
1035,1,3.77583,-267.956,0.390459,0.371429
1040,1,3.95604,-267.956,0.210244,0.35
1045,1,3.95802,-267.866,0.210244,0.355556
1050,1,3.6184,-267.995,0.251652,0.38
1055,1,2.45937,-267.862,1.27895,0.436364
1060,1,2.55756,-267.721,1.27895,0.433333
1065,1,2.56783,-267.78,1.27895,0.430769
1070,1,2.5271,-267.907,1.27895,0.442857
1075,1,2.53602,-267.981,1.27895,0.44
1080,1,2.32792,-267.661,1.54854,0.4375
1085,1,3.02837,-267.492,0.848095,0.447059
1090,1,3.02837,-267.492,0.848095,0.433333
1095,1,2.79003,-267.013,1.04111,0.431579
1100,1,2.79003,-267.062,1.04111,0.43
1105,1,2.77361,-267.065,1.04111,0.438095
1110,1,2.7666,-266.975,1.04111,0.445455
1115,1,2.72392,-267.185,1.04111,0.443478
1120,1,2.72392,-267.185,1.04111,0.425
1125,1,2.59525,-268.735,1.04111,0.424
1130,1,2.58284,-267.582,1.04111,0.430769
1135,1,2.37141,-267.716,1.25255,0.42963
1140,1,3.08317,-268.802,1.25255,0.435714
1145,1,3.08317,-269.011,1.25255,0.434483
1150,1,3.1223,-267.994,1.25255,0.446667
1155,1,3.1223,-268.192,1.25255,0.445161
1160,1,3.1223,-267.982,1.25255,0.4375
1165,1,3.35947,-268.138,1.32636,0.442424
1170,1,3.40512,-268.184,1.32636,0.441176
1175,1,3.40454,-268.092,1.32636,0.445714
1180,1,2.72801,-268.163,1.92084,0.444444
1185,1,3.60503,-268.076,1.04382,0.443243
1190,1,3.68213,-267.963,1.04382,0.442105
1195,1,3.68213,-268.016,1.04382,0.435897
1200,1,3.201,-267.999,1.47595,0.44
1205,1,4.34673,-267.948,0.330219,0.44878
1210,1,4.31707,-267.074,0.392312,0.447619
1215,1,4.31712,-267.074,0.39226,0.451163
1220,1,4.42824,-266.813,0.39226,0.445455
1225,1,4.42824,-266.681,0.39226,0.448889
1230,1,4.48863,-266.681,0.331871,0.447826
1235,1,4.4384,-267.647,0.331871,0.446809
1240,1,4.41854,-267.991,0.331871,0.445833
1245,1,4.41854,-268.079,0.331871,0.444898
1250,1,4.1332,-268.079,0.617212,0.448
1255,1,3.18981,-268.846,1.3157,0.458824
1260,1,2.58291,-265.872,1.76088,0.465385
1265,1,3.98877,-265.637,0.379952,0.467925
1270,1,3.73928,-265.513,0.629448,0.466667
1275,1,2.95784,-265.605,1.41089,0.465455
1280,1,3.00712,-265.208,1.41089,0.467857
1285,1,3.81087,-265.351,0.607137,0.470175
1290,1,3.73534,-265.984,0.607137,0.468966
1295,1,3.97641,-265.982,0.366072,0.471186
1300,1,3.97641,-265.945,0.366072,0.466667
1305,1,3.8208,-265.136,0.366072,0.472131
1310,1,3.8208,-265.008,0.366072,0.474194
1315,1,3.80339,-265.122,0.366072,0.473016
1320,1,3.94041,-266.066,0.366072,0.478125
1325,1,3.30231,-268.645,0.334762,0.48
1330,1,3.30231,-268.792,0.334762,0.478788
1335,1,3.27424,-267.691,0.281489,0.483582
1340,1,3.21545,-267.678,0.281489,0.482353
1345,1,3.21545,-267.678,0.281489,0.478261
1350,1,3.21545,-267.678,0.281489,0.474286
1355,1,1.50991,-265.832,1.85283,0.478873
1360,1,1.51246,-265.825,1.85283,0.477778
1365,1,1.51123,-265.961,1.85283,0.482192
1370,1,1.51674,-265.993,1.85283,0.483784
1375,1,1.51828,-265.963,1.85283,0.482667
1380,1,2.27783,-265.968,1.09102,0.486842
1385,1,2.54019,-265.971,0.8279,0.485714
1390,1,2.54019,-265.94,0.8279,0.484615
1395,1,2.5452,-265.928,0.8279,0.481013
1400,1,2.82858,-265.847,0.544521,0.4875
1405,1,2.82858,-266.941,0.544521,0.48642
1410,1,2.98525,-266.825,0.387848,0.490244
1415,1,2.94971,-266.694,0.387848,0.491566
1420,1,3.11489,-268.537,0.387848,0.492857
1425,1,3.056,-268.656,0.387848,0.496471
1430,1,1.45331,-268.727,1.9924,0.5
1435,1,1.45331,-268.727,1.9924,0.496552
1440,1,1.12144,-266.593,1.9924,0.5
1445,1,0.242977,-266.584,2.87086,0.498876
1450,1,0.242977,-266.612,2.87086,0.495556
1455,1,1.84165,-266.578,1.27219,0.498901
1460,1,1.77079,-267.237,1.27219,0.5
1465,1,1.77079,-267.202,1.27219,0.498925
1470,1,1.79499,-267.156,1.27219,0.5
1475,1,2.44955,-267.15,0.614966,0.501053
1480,1,2.56687,-267.115,0.497642,0.502083
1485,1,2.76808,-266.041,0.497642,0.503093
1490,1,2.76808,-266.081,0.497642,0.504082
1495,1,2.76816,-266.08,0.497642,0.507071
1500,1,2.48753,-266.012,0.773756,0.51
1505,1,2.59259,-267.273,0.773756,0.4
1510,1,2.59259,-267.554,0.773756,0.5
1515,1,2.35753,-267.554,1.00881,0.533333
1520,1,2.3585,-267.141,1.00881,0.6
1525,1,1.01575,-267.279,2.37853,0.6
1530,1,1.01575,-267.311,2.37853,0.566667
1535,1,1.0135,-267.353,2.37853,0.514286
1540,1,1.0135,-266.948,2.37853,0.525
1545,1,1.00865,-266.598,2.37853,0.555556
1550,1,1.60562,-265.715,1.66584,0.58
1555,1,0.489873,-265.88,2.81449,0.581818
1560,1,0.489873,-265.88,2.81449,0.55
1565,1,2.63926,-265.651,0.665107,0.538462
1570,1,2.53984,-265.651,0.76452,0.528571
1575,1,2.26917,-266.595,0.842171,0.546667
1580,1,2.27563,-266.619,0.842171,0.5375
1585,1,3.00261,-266.681,0.122557,0.529412
1590,1,3.00508,-266.732,0.120095,0.544444
1595,1,2.73498,-266.757,0.390188,0.536842
1600,1,2.84324,-266.748,0.281927,0.54
1605,1,2.77263,-266.74,0.281927,0.542857
1610,1,2.77263,-266.73,0.281927,0.527273
1615,1,2.58695,-266.72,0.467603,0.521739
1620,1,2.63035,-266.716,0.429164,0.533333
1625,1,1.47283,-266.716,1.58668,0.544
1630,1,1.76444,-266.811,1.58668,0.553846
1635,1,1.76444,-266.918,1.58668,0.540741
1640,1,1.76444,-267.122,1.58668,0.535714
1645,1,0.900274,-267.122,2.45085,0.524138
1650,1,0.900274,-266.928,2.45085,0.513333
1655,1,0.876715,-267.381,2.45085,0.516129
1660,1,0.876715,-267.469,2.45085,0.50625
1665,1,2.92517,-266.779,0.794764,0.515152
1670,1,0.22269,-268.056,3.25228,0.517647
1675,1,2.48849,-268.056,0.986476,0.525714
1680,1,2.38764,-268.07,1.08949,0.533333
1685,1,2.11196,-266.51,1.08949,0.535135
1690,1,1.43156,-266.51,1.76988,0.531579
1695,1,1.48035,-266.442,1.76988,0.538462
1700,1,2.88983,-266.493,0.360401,0.545
1705,1,1.56159,-266.972,1.60797,0.541463
1710,1,1.56159,-266.036,1.60797,0.542857
1715,1,1.75397,-266.663,1.60797,0.539535
1720,1,1.75397,-266.663,1.60797,0.527273
1725,1,1.75397,-266.663,1.60797,0.52
1730,1,1.76876,-267.996,1.60797,0.521739
1735,1,2.83736,-267.996,0.539368,0.514894
1740,1,2.83736,-266.565,0.539368,0.5125
1745,1,2.83736,-266.565,0.539368,0.510204
1750,1,3.03928,-267.453,0.539368,0.508
1755,1,3.23567,-267.465,0.342977,0.509804
1760,1,3.36718,-267.292,0.342977,0.511538
1765,1,3.48528,-266.072,0.342977,0.513208
1770,1,3.62564,-265.933,0.309392,0.518519
1775,1,3.65817,-265.408,0.309392,0.512727
1780,1,3.66932,-265.242,0.309392,0.510714
1785,1,3.63404,-265.038,0.309392,0.508772
1790,1,3.44545,-265.038,0.497983,0.503448
1795,1,3.65123,-265.136,0.274904,0.508475
1800,1,3.70361,-265.136,0.222526,0.503333
1805,1,2.41124,-265.136,1.5149,0.498361
1810,1,3.50624,-265.246,0.341208,0.5
1815,1,3.57773,-265.272,0.341208,0.501587
1820,1,3.02073,-265.897,0.898206,0.503125
1825,1,3.02073,-265.957,0.898206,0.498462
1830,1,3.06909,-266.147,0.898206,0.5
1835,1,2.56863,-266.339,0.898206,0.501493
1840,1,2.56863,-266.27,0.898206,0.5
1845,1,2.58524,-266.11,0.898206,0.495652
1850,1,2.63056,-266.12,0.898206,0.502857
1855,1,2.63659,-266.033,0.898206,0.504225
1860,1,3.09425,-266.045,0.440553,0.502778
1865,1,2.59529,-266.04,0.939879,0.50137
1870,1,2.57271,-266.817,0.939879,0.502703
1875,1,3.01752,-266.811,0.495076,0.504
1880,1,3.06836,-266.101,0.495076,0.502632
1885,1,3.17724,-267.011,0.495076,0.503896
1890,1,3.10667,-267.388,0.38264,0.505128
1895,1,3.07866,-267.779,0.38264,0.503797
1900,1,2.2647,-267.779,1.1966,0.505
1905,1,3.17683,-267.774,0.284466,0.506173
1910,1,3.17683,-267.777,0.284466,0.504878
1915,1,3.39623,-267.793,0.0640392,0.506024
1920,1,3.39623,-267.793,0.0640392,0.5
1925,1,3.39623,-267.791,0.0640392,0.496471
1930,1,3.39623,-267.79,0.0640392,0.493023
1935,1,3.50778,-269.016,0.0640392,0.496552
1940,1,3.48744,-269.016,0.0843835,0.493182
1945,1,3.46837,-269.01,0.103449,0.494382
1950,1,3.46837,-269.313,0.103449,0.495556
1955,1,3.46837,-269.319,0.103449,0.496703
1960,1,3.67839,-269.237,0.0811484,0.495652
1965,1,3.20434,-268.329,0.0846742,0.498925
1970,1,3.19875,-267.714,0.0846742,0.504255
1975,1,3.19875,-267.714,0.0846742,0.501053
1980,1,2.71616,-268.447,0.559189,0.504167
1985,1,2.71616,-268.447,0.559189,0.498969
1990,1,2.71616,-268.447,0.559189,0.495918
1995,1,2.73112,-268.457,0.559189,0.492929
2000,1,2.73112,-268.471,0.559189,0.49
2005,1,3.43971,-270.042,0.559189,0.6
2010,1,3.30057,-269.093,0.559189,0.5
2015,1,2.85205,-268.02,0.559189,0.4
2020,1,2.85205,-268.02,0.559189,0.35
2025,1,2.85205,-267.547,0.559189,0.4
2030,1,3.38678,-268.011,0.559189,0.433333
2035,1,3.38678,-268.045,0.559189,0.428571
2040,1,1.15057,-268.37,2.7954,0.45
2045,1,2.76261,-267.773,0.978024,0.444444
2050,1,2.72888,-266.727,0.978024,0.48
2055,1,2.64378,-267.367,0.978024,0.472727
2060,1,2.64378,-267.367,0.978024,0.45
2065,1,2.29208,-267.381,1.32973,0.461538
2070,1,2.38625,-266.708,1.32973,0.471429
2075,1,2.22611,-267.494,1.32973,0.48
2080,1,2.5773,-266.548,1.07879,0.475
2085,1,2.61397,-266.235,1.07879,0.505882
2090,1,3.2169,-265.802,0.440637,0.522222
2095,1,3.2169,-266.454,0.440637,0.505263
2100,1,3.18934,-265.724,0.468195,0.5
2105,1,3.2621,-266.068,0.468195,0.504762
2110,1,3.30288,-265.879,0.427419,0.5
2115,1,3.30288,-265.927,0.427419,0.513043
2120,1,1.30037,-265.982,2.57073,0.516667
2125,1,2.7943,-265.982,1.0768,0.504
2130,1,2.73752,-265.803,1.0768,0.492308
2135,1,2.87463,-267.207,1.0768,0.488889
2140,1,2.87463,-267.064,1.0768,0.478571
2145,1,1.96802,-265.091,1.0768,0.489655
2150,1,2.73434,-265.162,0.310479,0.493333
2155,1,2.77308,-265.074,0.310479,0.496774
2160,1,1.8455,-265.087,1.21679,0.5
2165,1,2.69747,-265.079,0.364823,0.50303
2170,1,2.09605,-265.079,0.966238,0.5
2175,1,2.05257,-264.602,0.966238,0.508571
2180,1,2.82445,-264.602,0.194353,0.505556
2185,1,2.56714,-264.568,0.451666,0.502703
2190,1,0.77347,-263.441,0.451666,0.510526
2195,1,0.760153,-263.577,0.451666,0.502564
2200,1,-1.00742,-263.803,2.01523,0.51
2205,1,-0.942464,-263.531,2.01523,0.512195
2210,1,-0.942464,-263.54,2.01523,0.504762
2215,1,-0.942464,-264.422,2.01523,0.502326
2220,1,-0.975813,-264.558,2.01523,0.5
2225,1,-1.71969,-264.291,2.01523,0.497778
2230,1,-0.432148,-264.322,0.721306,0.5
2235,1,-0.432148,-264.236,0.721306,0.493617
2240,1,-0.495181,-264.63,0.721306,0.4875
2245,1,-0.772695,-264.978,1.02494,0.493878
2250,1,-0.772695,-265.078,1.02494,0.496
2255,1,-0.772695,-265.078,1.02494,0.490196
2260,1,0.711924,-265.195,1.02494,0.492308
2265,1,0.711924,-265.37,1.02494,0.490566
2270,1,0.356212,-265.624,1.38065,0.496296
2275,1,0.356212,-265.82,1.38065,0.494545
2280,1,0.403202,-265.562,1.38065,0.489286
2285,1,0.403202,-265.385,1.38065,0.484211
2290,1,0.403202,-265.385,1.38065,0.475862
2295,1,0.107091,-265.272,1.65866,0.477966
2300,1,-3.12676,-265.237,4.86291,0.48
2305,1,-3.23388,-265.352,4.86291,0.47541
2310,1,-3.04972,-266.18,4.86291,0.477419
2315,1,0.853251,-267.597,1.02622,0.479365
2320,1,0.724125,-266.707,1.22028,0.48125
2325,1,-0.371817,-266.602,2.32549,0.483077
2330,1,0.116771,-266.32,2.3333,0.487879
2335,1,0.116771,-265.955,2.3333,0.489552
2340,1,0.808751,-265.795,2.3333,0.494118
2345,1,0.824668,-265.717,2.3333,0.492754
2350,1,0.641653,-264.748,2.3333,0.497143
2355,1,2.32967,-264.814,0.634134,0.498592
2360,1,2.43273,-264.814,0.531076,0.494444
2365,1,2.43273,-264.814,0.531076,0.493151
2370,1,2.43273,-264.609,0.531076,0.491892
2375,1,2.554,-263.985,0.383542,0.493333
2380,1,1.76528,-264.124,1.20154,0.494737
2385,1,2.74454,-264.03,0.22169,0.498701
2390,1,2.74454,-264.207,0.22169,0.497436
2395,1,2.48506,-264.605,0.22169,0.498734
2400,1,2.48506,-264.214,0.22169,0.495
2405,1,2.45573,-264.316,0.242301,0.496296
2410,1,0.814997,-264.122,1.89992,0.497561
2415,1,0.813668,-264.137,1.89992,0.493976
2420,1,2.12852,-264.073,0.585064,0.497619
2425,1,2.31733,-264.073,0.396254,0.496471
2430,1,2.31733,-264.089,0.396254,0.497674
2435,1,2.21779,-264.043,0.396254,0.498851
2440,1,2.20967,-263.982,0.396254,0.495455
2445,1,2.20967,-264.056,0.396254,0.494382
2450,1,1.59474,-264.029,1.01362,0.493333
2455,1,2.45777,-266.862,1.79066,0.492308
2460,1,2.46417,-266.884,1.79066,0.48913
2465,1,1.38383,-264.453,1.10893,0.492473
2470,1,2.15089,-266.03,0.514305,0.495745
2475,1,1.39381,-266.03,1.27139,0.492632
2480,1,1.25081,-265.756,1.27139,0.49375
2485,1,1.25081,-265.756,1.27139,0.490722
2490,1,1.00408,-265.709,1.51812,0.491837
2495,1,1.00408,-265.771,1.51812,0.488889
2500,1,1.00408,-265.771,1.51812,0.488
2505,1,1.03083,-265.791,1.51812,0.4
2510,1,1.80582,-265.718,0.740909,0.7
2515,1,1.84313,-265.605,0.740909,0.533333
2520,1,1.84313,-264.952,0.740909,0.45
2525,1,1.87656,-265.63,0.707477,0.48
2530,1,1.92851,-266,0.678252,0.533333
2535,1,1.92285,-265.971,0.678252,0.542857
2540,1,1.92981,-265.984,0.678252,0.6
2545,1,0.693151,-265.964,1.91459,0.622222
2550,1,1.57467,-265.966,1.03307,0.62
2555,1,-0.1357,-265.992,2.74344,0.618182
2560,1,0.96095,-265.974,1.65166,0.616667
2565,1,1.74788,-265.627,1.02586,0.630769
2570,1,1.74788,-265.627,1.02586,0.585714
2575,1,2.3645,-265.486,0.409236,0.586667
2580,1,0.420277,-265.471,2.3555,0.5875
2585,1,0.416886,-265.246,2.3555,0.6
2590,1,0.416886,-265.437,2.3555,0.588889
2595,1,0.296584,-265.514,2.47613,0.589474
2600,1,1.60271,-265.514,1.17001,0.58
2605,1,1.60271,-265.329,1.17001,0.580952
2610,1,0.942998,-265.114,1.82972,0.572727
2615,1,0.942998,-265.114,1.82972,0.556522
2620,1,1.64191,-265.494,1.82972,0.55
2625,1,1.64191,-265.439,1.82972,0.544
2630,1,1.64387,-265.435,1.82972,0.546154
2635,1,1.64684,-264.672,1.82972,0.540741
2640,1,3.02055,-264.672,0.456008,0.55
2645,1,3.21001,-264.889,0.456008,0.551724
2650,1,3.01103,-264.913,0.456008,0.553333
2655,1,2.35289,-265.424,1.11414,0.548387
2660,1,2.35312,-265.426,1.11414,0.55
2665,1,2.80951,-265.43,0.657473,0.551515
2670,1,2.0044,-265.342,1.46338,0.558824
2675,1,2.00417,-265.344,1.46338,0.548571
2680,1,3.34914,-265.48,0.118411,0.55
2685,1,3.63413,-265.512,0.118411,0.545946
2690,1,3.15891,-265.512,0.5936,0.547368
2695,1,3.00901,-265.559,0.743293,0.558974
2700,1,3.00908,-265.559,0.743293,0.555
2705,1,2.87094,-264.554,1.20058,0.560976
2710,1,2.40036,-263.937,1.67102,0.561905
2715,1,2.34047,-263.329,1.67102,0.55814
2720,1,3.40069,-263.329,0.610789,0.554545
2725,1,3.00186,-264.071,0.974898,0.555556
2730,1,2.68295,-263.887,0.974898,0.556522
2735,1,2.03851,-263.885,1.61951,0.553191
2740,1,2.26973,-263.885,1.38829,0.545833
2745,1,3.37696,-263.143,0.16731,0.55102
2750,1,3.37696,-263.143,0.16731,0.54
2755,1,4.1853,-263.395,0.16731,0.537255
2760,1,4.17576,-263.329,0.16731,0.538462
2765,1,4.17576,-263.329,0.16731,0.535849
2770,1,4.17576,-263.329,0.16731,0.525926
2775,1,4.15909,-263.329,0.183983,0.527273
2780,1,3.311,-263.346,1.03208,0.525
2785,1,3.47678,-263.648,1.03208,0.529825
2790,1,3.93361,-263.648,0.575245,0.524138
2795,1,3.79357,-263.643,0.715287,0.525424
2800,1,3.79357,-263.643,0.715287,0.516667
2805,1,3.75046,-263.552,0.715287,0.514754
2810,1,3.7503,-263.578,0.715287,0.512903
2815,1,-0.0289143,-263.578,4.4945,0.507937
2820,1,3.99648,-263.675,0.469107,0.509375
2825,1,3.99461,-263.681,0.469107,0.510769
2830,1,4.13276,-265.718,0.469107,0.518182
2835,1,3.88117,-265.718,0.720695,0.519403
2840,1,3.88117,-265.594,0.720695,0.517647
2845,1,3.88117,-265.594,0.720695,0.510145
2850,1,3.96564,-264.704,0.720695,0.505714
2855,1,3.96568,-264.857,0.720695,0.512676
2860,1,4.2965,-265.585,0.333301,0.516667
2865,1,4.29586,-265.427,0.333301,0.517808
2870,1,4.37606,-265.427,0.252573,0.521622
2875,1,4.37606,-265.427,0.252573,0.517333
2880,1,3.63087,-265.427,0.997149,0.515789
2885,1,3.63087,-265.453,0.997149,0.514286
2890,1,3.48532,-264.25,0.980639,0.515385
2895,1,3.17379,-263.547,0.980639,0.516456
2900,1,3.962,-263.689,0.192432,0.52
2905,1,3.962,-264.429,0.192432,0.516049
2910,1,2.89962,-264.429,1.2548,0.514634
2915,1,2.89962,-264.544,1.2548,0.513253
2920,1,2.89903,-264.547,1.2548,0.509524
2925,1,2.89933,-264.584,1.2548,0.512941
2930,1,2.8992,-264.585,1.2548,0.516279
2935,1,2.89964,-264.627,1.2548,0.51954
2940,1,2.83612,-264.686,1.3183,0.520455
2945,1,3.96982,-267.872,0.400673,0.525843
2950,1,3.96982,-267.872,0.400673,0.52
2955,1,2.57773,-267.875,1.79268,0.518681
2960,1,3.18287,-265.95,1.79268,0.519565
2965,1,2.1008,-265.585,2.81731,0.52043
2970,1,2.1008,-265.568,2.81731,0.519149
2975,1,2.10068,-265.569,2.81731,0.515789
2980,1,2.1008,-265.507,2.81731,0.514583
2985,1,2.00451,-266.45,2.79847,0.515464
2990,1,2.3442,-266.45,2.45879,0.514286
2995,1,2.3442,-266.521,2.45879,0.513131
3000,1,2.34457,-266.52,2.45879,0.51
3005,1,2.26529,-267.042,2.50788,0.8
3010,1,4.4063,-267.022,0.366729,0.7
3015,1,3.44622,-267.022,1.32681,0.6
3020,1,3.44587,-267.024,1.32681,0.6
3025,1,3.55053,-266.111,1.32681,0.6
3030,1,3.52226,-266.539,1.32681,0.6
3035,1,3.52226,-266.582,1.32681,0.6
3040,1,3.54968,-266.108,1.32681,0.55
3045,1,3.54968,-265.867,1.32681,0.533333
3050,1,3.54968,-265.817,1.32681,0.54
3055,1,3.60921,-266.075,1.26728,0.563636
3060,1,3.60992,-265.911,1.26728,0.583333
3065,1,3.60984,-265.768,1.26728,0.584615
3070,1,4.10085,-265.913,0.776267,0.585714
3075,1,4.10085,-265.919,0.776267,0.56
3080,1,3.1828,-265.939,1.69432,0.5625
3085,1,3.40191,-266.011,1.47498,0.576471
3090,1,3.3252,-267.382,1.47498,0.555556
3095,1,3.32541,-267.064,1.47498,0.557895
3100,1,2.48119,-267.486,2.29341,0.56
3105,1,2.48119,-267.376,2.29341,0.552381
3110,1,2.48119,-266.228,2.29341,0.554545
3115,1,2.31006,-264.299,2.29341,0.547826
3120,1,2.31006,-264.25,2.29341,0.541667
3125,1,2.31006,-265.11,2.29341,0.544
3130,1,2.30994,-265.043,2.29341,0.538462
3135,1,2.74829,-265.206,1.85506,0.548148
3140,1,2.74829,-265.207,1.85506,0.55
3145,1,2.74829,-265.215,1.85506,0.537931
3150,1,3.55132,-265.242,1.05203,0.546667
3155,1,2.56959,-264.924,1.4547,0.554839
3160,1,2.60798,-264.602,1.4547,0.55
3165,1,3.83312,-264.737,0.365379,0.557576
3170,1,3.83312,-264.889,0.365379,0.552941
3175,1,3.93499,-265.058,0.263516,0.56
3180,1,3.46817,-264.787,0.706539,0.561111
3185,1,3.46589,-264.605,0.706539,0.556757
3190,1,3.0996,-267.236,0.706539,0.557895
3195,1,3.0996,-267.236,0.706539,0.553846
3200,1,3.0996,-267.201,0.706539,0.55
3205,1,3.13517,-267.466,0.663178,0.55122
3210,1,3.34818,-265.295,0.663178,0.542857
3215,1,3.34818,-265.34,0.663178,0.539535
3220,1,3.9019,-265.479,0.109457,0.536364
3225,1,3.9019,-265.479,0.109457,0.524444
3230,1,3.90311,-265.464,0.109457,0.526087
3235,1,3.71628,-265.388,0.299722,0.52766
3240,1,3.72125,-265.33,0.299722,0.525
3245,1,3.6728,-264.959,0.490062,0.530612
3250,1,1.75711,-265.38,2.40307,0.536
3255,1,3.54962,-265.389,0.609826,0.533333
3260,1,3.48398,-265.389,0.675471,0.534615
3265,1,2.41316,-265.39,1.74617,0.535849
3270,1,2.41316,-265.381,1.74617,0.52963
3275,1,2.41316,-265.072,1.74617,0.527273
3280,1,3.84867,-265.344,0.310662,0.525
3285,1,3.17154,-264.989,0.987794,0.526316
3290,1,3.95455,-264.851,0.204787,0.527586
3295,1,3.95455,-264.671,0.204787,0.525424
3300,1,3.0603,-264.723,1.09417,0.523333
3305,1,3.0603,-264.86,1.09417,0.521311
3310,1,3.0603,-264.856,1.09417,0.516129
3315,1,3.4939,-264.605,0.660568,0.514286
3320,1,3.83514,-264.605,0.319331,0.5125
3325,1,3.8675,-264.862,0.319331,0.513846
3330,1,3.91636,-265.016,0.258867,0.515152
3335,1,3.88683,-264.935,0.258867,0.513433
3340,1,2.61429,-265.03,1.53141,0.511765
3345,1,3.60445,-265.604,0.503369,0.510145
3350,1,3.60434,-265.667,0.503601,0.511429
3355,1,3.57517,-266.176,0.503601,0.509859
3360,1,3.44599,-266.069,0.503601,0.508333
3365,1,3.5257,-264.885,0.503601,0.512329
3370,1,3.5257,-264.737,0.503601,0.513514
3375,1,3.5257,-264.706,0.503601,0.509333
3380,1,3.5257,-264.706,0.503601,0.502632
3385,1,2.42175,-264.555,1.61837,0.503896
3390,1,2.42175,-264.524,1.61837,0.505128
3395,1,3.88517,-264.489,0.149496,0.511392
3400,1,3.67611,-264.489,0.358557,0.5075
3405,1,3.32818,-264.639,0.669139,0.508642
3410,1,3.17881,-265.045,0.669139,0.507317
3415,1,3.16692,-265.054,0.669139,0.508434
3420,1,3.16258,-265.054,0.673479,0.507143
3425,1,3.66274,-266.942,0.673479,0.510588
3430,1,3.82301,-266.942,0.513211,0.506977
3435,1,3.82301,-266.942,0.513211,0.503448
3440,1,3.23974,-265.806,1.09648,0.502273
3445,1,2.09367,-263.348,1.09648,0.501124
3450,1,1.82236,-265.875,1.09648,0.504444
3455,1,1.82236,-265.594,1.09648,0.503297
3460,1,1.82236,-265.594,1.09648,0.5
3465,1,1.9563,-264.001,1.09648,0.498925
3470,1,1.92692,-264.48,1.09648,0.497872
3475,1,2.43869,-264.63,1.09648,0.498947
3480,1,2.41162,-265.05,1.09648,0.495833
3485,1,2.71285,-265.129,1.09648,0.494845
3490,1,3.57131,-265.167,0.238012,0.493878
3495,1,3.55673,-265.242,0.238012,0.492929
3500,1,3.41503,-266.656,0.379709,0.492
3505,1,3.053,-267.491,1.10154,0.8
3510,1,3.29726,-268.847,0.810928,0.6
3515,1,3.73573,-268.847,0.372456,0.533333
3520,1,3.34483,-267.875,0.372456,0.65
3525,1,3.13832,-268.891,0.667682,0.64
3530,1,3.45241,-267.194,0.434577,0.633333
3535,1,3.31603,-267.132,0.570953,0.6
3540,1,3.40178,-266.126,0.570953,0.575
3545,1,3.40178,-266.196,0.570953,0.533333
3550,1,3.41759,-266.028,0.570953,0.52
3555,1,3.41759,-266.028,0.570953,0.490909
3560,1,2.91345,-265.991,1.07509,0.483333
3565,1,2.91345,-266.076,1.07509,0.461538
3570,1,2.91345,-265.989,1.07509,0.471429
3575,1,2.81365,-267.248,1.07509,0.453333
3580,1,2.99879,-267.421,0.889949,0.4625
3585,1,2.93615,-268.254,0.889949,0.458824
3590,1,2.93615,-268.254,0.889949,0.455556
3595,1,3.1265,-265.219,0.889949,0.452632
3600,1,3.1237,-265.214,0.889949,0.45
3605,1,3.1237,-265.214,0.889949,0.428571
3610,1,3.57875,-265.323,0.389028,0.427273
3615,1,3.58171,-266.418,0.389028,0.426087
3620,1,3.84417,-266.466,0.389028,0.425
3625,1,1.93127,-266.784,2.24886,0.424
3630,1,1.93127,-266.842,2.24886,0.423077
3635,1,3.43283,-265.357,0.747302,0.422222
3640,1,3.42803,-265.357,0.7521,0.421429
3645,1,3.42803,-265.357,0.7521,0.413793
3650,1,3.57922,-265.357,0.600914,0.42
3655,1,3.66562,-265.341,0.600914,0.425806
3660,1,3.69311,-265.389,0.600914,0.43125
3665,1,3.8133,-264.103,0.600914,0.430303
3670,1,3.79218,-264.154,0.600914,0.429412
3675,1,3.79218,-264.246,0.600914,0.422857
3680,1,0.889337,-264.218,3.514,0.433333
3685,1,3.85968,-264.218,0.543662,0.437838
3690,1,3.45605,-264.247,0.940583,0.436842
3695,1,3.45605,-264.247,0.940583,0.430769
3700,1,3.43737,-264.278,0.940583,0.435
3705,1,3.70442,-264.213,0.687188,0.434146
3710,1,3.72867,-264.251,0.662934,0.433333
3715,1,3.72867,-264.251,0.662934,0.432558
3720,1,3.25034,-265.45,0.98381,0.445455
3725,1,3.2895,-265.169,0.98381,0.444444
3730,1,3.2895,-265.145,0.98381,0.447826
3735,1,3.2895,-265.145,0.98381,0.442553
3740,1,3.24164,-263.914,0.98381,0.445833
3745,1,2.2895,-263.914,1.93595,0.44898
3750,1,3.20538,-264.701,1.02007,0.456
3755,1,1.41031,-264.24,1.02007,0.454902
3760,1,3.02954,-264.799,1.02007,0.453846
3765,1,2.55194,-264.821,1.49767,0.460377
3770,1,2.55194,-264.821,1.49767,0.459259
3775,1,2.55194,-264.869,1.49767,0.454545
3780,1,2.77596,-266.002,1.49767,0.453571
3785,1,4.01745,-266.002,0.256178,0.452632
3790,1,4.01745,-266.002,0.256178,0.444828
3795,1,3.47571,-266.154,0.797926,0.444068
3800,1,3.47571,-266.188,0.797926,0.443333
3805,1,3.8857,-265.849,0.396069,0.44918
3810,1,3.23632,-265.739,1.04545,0.448387
3815,1,3.23632,-265.739,1.04545,0.444444
3820,1,3.56176,-263.984,0.488837,0.453125
3825,1,2.29859,-264.026,1.73127,0.452308
3830,1,3.46261,-264.026,0.567244,0.448485
3835,1,1.01372,-264.189,2.98661,0.450746
3840,1,1.01372,-264.22,2.98661,0.452941
3845,1,1.01372,-264.194,2.98661,0.452174
3850,1,1.02756,-264.302,2.98661,0.457143
3855,1,3.21471,-264.302,0.799458,0.453521
3860,1,3.64665,-264.302,0.367521,0.452778
3865,1,1.96888,-264.346,2.04529,0.454795
3870,1,1.89252,-264.147,2.04529,0.454054
3875,1,3.58277,-265.579,0.432083,0.458667
3880,1,0.528997,-264.622,2.67221,0.457895
3885,1,2.18127,-264.448,1.0368,0.45974
3890,1,1.38111,-264.325,1.8106,0.466667
3895,1,0.800129,-263.934,1.8106,0.468354
3900,1,0.757634,-262.886,1.8106,0.4675
3905,1,0.954853,-262.99,1.61339,0.469136
3910,1,0.988048,-265.049,1.61339,0.470732
3915,1,0.988048,-264.349,1.61339,0.46747
3920,1,0.936959,-263.836,1.61339,0.469048
3925,1,0.830838,-264.103,1.61339,0.470588
3930,1,0.967382,-265.739,1.61339,0.472093
3935,1,0.967382,-265.437,1.61339,0.471264
3940,1,2.07455,-265.462,0.505395,0.472727
3945,1,2.07455,-265.613,0.505395,0.47191
3950,1,3.71462,-265.071,0.505395,0.473333
3955,1,3.71983,-264.985,0.504815,0.472527
3960,1,3.71983,-264.911,0.504815,0.471739
3965,1,3.70131,-264.833,0.504815,0.468817
3970,1,3.70131,-264.815,0.504815,0.465957
3975,1,3.66056,-265.194,0.504815,0.463158
3980,1,3.77938,-265.194,0.385993,0.4625
3985,1,3.9019,-265.787,0.385993,0.465979
3990,1,3.88665,-266.057,0.385993,0.465306
3995,1,3.63069,-266.995,0.549247,0.464646
4000,1,1.02913,-267.309,0.897851,0.482629
4005,1,1.21599,-267.29,0.710988,0.6
4010,1,1.21813,-267.269,0.710988,0.6
4015,1,1.21813,-267.277,0.710988,0.533333
4020,1,1.21281,-267.285,0.710988,0.5
4025,1,1.21281,-267.284,0.710988,0.48
4030,1,2.72099,-267.214,0.509274,0.5
4035,1,2.7099,-267.34,0.509274,0.514286
4040,1,2.69659,-267.885,0.509274,0.55
4045,1,2.71475,-267.603,0.509274,0.511111
4050,1,2.37123,-267.619,0.841083,0.5
4055,1,2.37123,-267.619,0.841083,0.472727
4060,1,2.66373,-267.522,0.555248,0.483333
4065,1,3.50331,-269.8,0.555248,0.492308
4070,1,3.50331,-269.825,0.555248,0.471429
4075,1,3.50331,-269.847,0.555248,0.453333
4080,1,3.48681,-269.561,0.575698,0.4625
4085,1,2.38595,-268.346,1.64543,0.482353
4090,1,2.34678,-269.273,1.64543,0.466667
4095,1,2.61744,-269.907,1.35949,0.473684
4100,1,2.66902,-268.622,1.35949,0.49
4105,1,3.63818,-268.615,0.39033,0.485714
4110,1,3.43042,-268.833,0.588824,0.490909
4115,1,3.02195,-268.827,0.997289,0.486957
4120,1,3.03351,-269.324,0.997289,0.5
4125,1,2.95329,-268.926,0.997289,0.496
4130,1,3.49632,-268.872,0.454252,0.507692
4135,1,2.60563,-268.911,1.34494,0.511111
4140,1,2.2921,-268.708,1.34494,0.514286
4145,1,2.70838,-268.708,0.92866,0.503448
4150,1,3.26964,-269.517,0.446819,0.513333
4155,1,3.6136,-268.641,0.617374,0.509677
4160,1,3.47138,-269.633,0.617374,0.525
4165,1,3.42691,-269.441,0.661839,0.521212
4170,1,3.63204,-268.775,0.661839,0.523529
4175,1,3.63204,-268.775,0.661839,0.508571
4180,1,3.63204,-268.778,0.661839,0.511111
4185,1,3.60728,-268.778,0.686599,0.502703
4190,1,3.56052,-268.281,0.686599,0.5
4195,1,3.69619,-268.255,0.550932,0.497436
4200,1,3.56763,-267.572,0.73325,0.495
4205,1,3.9245,-267.557,0.376379,0.497561
4210,1,3.37653,-267.504,0.927973,0.5
4215,1,2.18229,-267.504,2.12221,0.493023
4220,1,3.88419,-266.898,0.44999,0.495455
4225,1,3.20764,-267.115,1.12654,0.502222
4230,1,3.10467,-267.768,1.12654,0.504348
4235,1,2.56031,-267.747,1.6709,0.506383
4240,1,2.65065,-267.101,1.6709,0.5
4245,1,2.65065,-267.101,1.6709,0.493878
4250,1,2.76292,-265.672,1.6709,0.492
4255,1,3.79362,-266.726,0.423305,0.501961
4260,1,3.79362,-266.726,0.423305,0.496154
4265,1,3.79362,-266.726,0.423305,0.490566
4270,1,3.79362,-266.613,0.423305,0.492593
4275,1,3.79362,-266.722,0.423305,0.487273
4280,1,4.125,-266.32,0.16148,0.492857
4285,1,3.97625,-266.286,0.310223,0.494737
4290,1,3.05644,-267.853,1.10742,0.5
4295,1,2.58443,-266.061,1.7342,0.501695
4300,1,3.59106,-266.061,0.727577,0.506667
4305,1,2.95808,-266.511,1.8008,0.511475
4310,1,4.37823,-266.511,0.380645,0.509677
4315,1,4.45038,-266.511,0.308493,0.507937
4320,1,4.26462,-266.567,0.494256,0.509375
4325,1,4.43344,-266.467,0.325439,0.513846
4330,1,4.43946,-266.495,0.319419,0.512121
4335,1,4.43946,-266.524,0.319419,0.510448
4340,1,3.29831,-267.648,1.34066,0.508824
4345,1,3.51498,-267.148,1.34066,0.510145
4350,1,3.51498,-267.148,1.34066,0.502857
4355,1,3.42275,-265.751,1.34066,0.504225
4360,1,3.34438,-265.981,1.34066,0.508333
4365,1,2.59008,-266.105,2.10689,0.509589
4370,1,2.61313,-265.915,2.10689,0.508108
4375,1,3.76479,-267.196,1.12722,0.509333
4380,1,3.76941,-266.986,1.12722,0.505263
4385,1,4.23228,-265.87,0.731621,0.503896
4390,1,4.251,-266.396,0.731621,0.502564
4395,1,4.21147,-265.734,0.731621,0.501266
4400,1,3.84015,-265.734,1.10294,0.4975
4405,1,3.84015,-265.734,1.10294,0.491358
4410,1,3.80548,-265.698,1.13761,0.497561
4415,1,3.22314,-265.357,1.13761,0.498795
4420,1,3.22314,-265.416,1.13761,0.495238
4425,1,3.22772,-265.449,1.13761,0.496471
4430,1,3.22772,-265.449,1.13761,0.490698
4435,1,3.22772,-266.292,1.13761,0.487356
4440,1,3.93995,-266.292,0.425377,0.486364
4445,1,3.75634,-266.971,0.425377,0.483146
4450,1,3.75634,-266.134,0.425377,0.482222
4455,1,3.74355,-267.102,0.425377,0.483516
4460,1,3.79762,-268.558,0.425377,0.484783
4465,1,2.46905,-268.558,1.75394,0.48172
4470,1,2.42979,-269.465,1.75394,0.480851
4475,1,2.27746,-269.297,1.75394,0.48
4480,1,2.78097,-267.809,1.32081,0.48125
4485,1,3.13572,-267.809,0.96606,0.482474
4490,1,3.13572,-267.822,0.96606,0.481633
4495,1,2.99727,-269.299,0.96606,0.482828
4500,1,2.99727,-269.299,0.96606,0.478
4505,1,3.287,-269.299,0.676325,0.4
4510,1,2.39273,-268.515,1.41943,0.7
4515,1,2.36742,-268.677,1.41943,0.733333
4520,1,3.17303,-268.726,0.613818,0.7
4525,1,2.96733,-271.364,0.613818,0.64
4530,1,3.1368,-271.333,0.444354,0.633333
4535,1,3.20069,-270.066,0.444354,0.628571
4540,1,3.93684,-268.312,0.444354,0.6
4545,1,3.93977,-268.671,0.477289,0.644444
4550,1,3.93977,-268.747,0.477289,0.66
4555,1,4.20955,-267.146,0.477289,0.654545
4560,1,4.21022,-266.952,0.476622,0.666667
4565,1,4.21855,-266.999,0.476622,0.646154
4570,1,4.21855,-266.999,0.476622,0.6
4575,1,4.19052,-266.275,0.476622,0.613333
4580,1,4.19052,-266.149,0.476622,0.6
4585,1,4.19052,-266.149,0.476622,0.564706
4590,1,4.19052,-266.149,0.476622,0.544444
4595,1,4.18932,-266.042,0.476622,0.536842
4600,1,4.16178,-266.202,0.476622,0.53
4605,1,3.89633,-265.662,0.698663,0.542857
4610,1,4.20561,-265.662,0.389386,0.536364
4615,1,4.20555,-265.617,0.389386,0.547826
4620,1,4.15621,-264.894,0.438728,0.55
4625,1,4.15621,-265.722,0.438728,0.552
4630,1,4.09626,-266.289,0.438728,0.553846
4635,1,4.07952,-266.561,0.438728,0.555556
4640,1,4.07952,-266.542,0.438728,0.557143
4645,1,4.08513,-266.339,0.456688,0.558621
4650,1,4.08819,-266.331,0.456688,0.553333
4655,1,4.08819,-266.429,0.456688,0.548387
4660,1,4.06848,-266.818,0.456688,0.5375
4665,1,2.8067,-266.832,1.71847,0.539394
4670,1,2.81544,-266.765,1.71847,0.535294
4675,1,2.81544,-266.659,1.71847,0.531429
4680,1,3.88467,-266.659,0.649243,0.533333
4685,1,3.89295,-266.475,0.649243,0.52973
4690,1,3.89295,-266.411,0.649243,0.526316
4695,1,3.89295,-266.425,0.649243,0.528205
4700,1,4.03372,-266.428,0.512944,0.535
4705,1,4.03372,-266.428,0.512944,0.526829
4710,1,4.04083,-266.213,0.512944,0.52381
4715,1,4.04083,-266.154,0.512944,0.516279
4720,1,4.05309,-266.068,0.512944,0.513636
4725,1,4.10651,-266.068,0.459523,0.515556
4730,1,3.83981,-266.006,0.717952,0.513043
4735,1,3.83981,-265.88,0.717952,0.506383
4740,1,3.77203,-265.88,0.785733,0.504167
4745,1,3.88079,-265.914,0.668895,0.510204
4750,1,2.62331,-266.048,1.90751,0.516
4755,1,2.6126,-265.686,1.90751,0.513725
4760,1,4.13688,-266.816,0.482496,0.519231
4765,1,4.08833,-267.162,0.482496,0.516981
4770,1,4.00578,-266.006,0.482496,0.525926
4775,1,3.97423,-266.294,0.482496,0.527273
4780,1,3.97423,-266.294,0.482496,0.517857
4785,1,4.16725,-266.294,0.289475,0.515789
4790,1,4.16725,-266.355,0.289475,0.513793
4795,1,4.06939,-266.104,0.289475,0.508475
4800,1,3.10102,-266.214,1.25784,0.513333
4805,1,2.84068,-265.358,1.25784,0.518033
4810,1,2.84068,-265.393,1.25784,0.519355
4815,1,3.1692,-265.31,0.929322,0.520635
4820,1,3.1692,-265.214,0.929322,0.51875
4825,1,3.12763,-265.372,0.929322,0.52
4830,1,3.12763,-265.372,0.929322,0.518182
4835,1,3.16616,-265.419,0.929322,0.519403
4840,1,2.9545,-266.042,0.929322,0.514706
4845,1,2.9545,-266.112,0.929322,0.518841
4850,1,2.81606,-265.792,0.929322,0.517143
4855,1,2.81606,-265.854,0.929322,0.512676
4860,1,3.62101,-265.854,0.124365,0.513889
4865,1,3.62101,-265.854,0.124365,0.506849
4870,1,3.62101,-266.101,0.124365,0.505405
4875,1,4.05276,-266.814,0.124365,0.504
4880,1,4.05276,-266.765,0.124365,0.505263
4885,1,3.83793,-266.765,0.339196,0.506494
4890,1,3.69663,-265.32,0.339196,0.505128
4895,1,3.72059,-265.453,0.253109,0.508861
4900,1,2.14815,-265.453,1.82555,0.505
4905,1,2.98776,-266.304,0.925889,0.506173
4910,1,2.98776,-266.214,0.925889,0.504878
4915,1,3.46112,-266.574,0.925889,0.503614
4920,1,3.46112,-266.509,0.925889,0.502381
4925,1,4.0184,-266.536,0.424554,0.501176
4930,1,3.38091,-266.536,1.06204,0.497674
4935,1,3.38091,-266.536,1.06204,0.491954
4940,1,3.38091,-266.384,1.06204,0.490909
4945,1,4.16028,-266.605,0.2147,0.489888
4950,1,4.09954,-267.113,0.2147,0.495556
4955,1,3.97486,-267.016,0.33938,0.494505
4960,1,3.97486,-267.174,0.33938,0.493478
4965,1,3.01965,-267.097,1.30356,0.494624
4970,1,4.07861,-266.627,0.372773,0.497872
4975,1,3.99786,-267.282,0.372773,0.496842
4980,1,4.10283,-266.505,0.372773,0.495833
4985,1,4.10021,-266.517,0.372773,0.494845
4990,1,4.10021,-266.517,0.372773,0.489796
4995,1,4.10021,-266.397,0.372773,0.490909
5000,1,3.98644,-268.687,0.349654,0.49
5005,1,2.11929,-268.611,2.21681,0.6
5010,1,2.46738,-268.611,1.86872,0.6
5015,1,3.61393,-268.503,0.750502,0.666667
5020,1,3.53109,-268.907,0.750502,0.65
5025,1,3.53109,-268.976,0.750502,0.56
5030,1,3.67034,-266.869,0.750502,0.566667
5035,1,3.68369,-266.749,0.750502,0.542857
5040,1,3.56307,-268.121,0.750502,0.575
5045,1,4.01536,-268.089,0.272599,0.555556
5050,1,4.18157,-266.13,0.206339,0.58
5055,1,4.30766,-265.645,0.151128,0.581818
5060,1,4.29556,-265.668,0.151128,0.6
5065,1,3.93266,-265.687,0.524681,0.584615
5070,1,3.42963,-267.909,0.928278,0.585714
5075,1,2.7617,-268.959,1.46762,0.586667
5080,1,2.7617,-268.861,1.46762,0.5625
5085,1,2.7617,-268.861,1.46762,0.529412
5090,1,3.81043,-268.779,0.418883,0.533333
5095,1,3.6381,-268.668,0.608967,0.557895
5100,1,3.58008,-267.982,0.751802,0.56
5105,1,3.58008,-267.982,0.751802,0.552381
5110,1,3.58008,-268.071,0.751802,0.536364
5115,1,3.60725,-268.04,0.751802,0.53913
5120,1,3.6913,-265.875,0.751802,0.55
5125,1,2.67125,-265.781,1.77185,0.552
5130,1,2.75452,-265.58,1.77185,0.538462
5135,1,3.43177,-265.605,1.03883,0.548148
5140,1,4.03586,-265.549,0.43474,0.55
5145,1,3.80016,-264.912,0.43474,0.544828
5150,1,3.93849,-265.006,0.299419,0.56
5155,1,4.09835,-265.008,0.139326,0.554839
5160,1,4.13042,-264.94,0.114291,0.5625
5165,1,4.0464,-264.94,0.198313,0.557576
5170,1,4.02029,-264.765,0.224421,0.552941
5175,1,4.02029,-264.765,0.224421,0.542857
5180,1,3.74061,-264.9,0.504108,0.55
5185,1,3.60696,-264.842,0.637758,0.545946
5190,1,3.60023,-264.724,0.637758,0.547368
5195,1,3.64396,-264.617,0.637758,0.538462
5200,1,3.00605,-264.451,1.27567,0.535
5205,1,2.1043,-265.943,2.22096,0.536585
5210,1,2.10173,-265.936,2.22096,0.528571
5215,1,3.32475,-265.956,0.997945,0.530233
5220,1,3.32305,-265.834,0.997945,0.531818
5225,1,3.31721,-265.332,0.997945,0.537778
5230,1,3.58594,-264.317,0.629036,0.543478
5235,1,2.96336,-264.263,1.25162,0.540426
5240,1,2.96336,-264.27,1.25162,0.5375
5245,1,2.71112,-264.105,1.52521,0.542857
5250,1,2.72735,-264.391,1.52521,0.544
5255,1,2.72735,-264.391,1.52521,0.533333
5260,1,2.72735,-264.391,1.52521,0.526923
5265,1,2.76641,-263.771,1.52521,0.532075
5270,1,2.61821,-263.696,1.52521,0.533333
5275,1,2.64919,-263.831,1.485,0.530909
5280,1,3.40179,-264.065,0.717004,0.528571
5285,1,3.83134,-264.402,0.717004,0.529825
5290,1,2.40668,-264.489,2.14167,0.527586
5295,1,2.33367,-266.028,2.14167,0.525424
5300,1,2.29088,-266.268,2.11846,0.53
5305,1,3.42716,-266.13,0.982185,0.531148
5310,1,3.42716,-266.257,0.982185,0.529032
5315,1,3.19401,-266.481,1.1786,0.530159
5320,1,3.23568,-265.621,1.1786,0.534375
5325,1,3.13107,-265.695,1.27176,0.532308
5330,1,3.10063,-265.441,1.27176,0.530303
5335,1,3.14302,-265.142,1.27349,0.531343
5340,1,3.14302,-265.104,1.27349,0.529412
5345,1,3.3482,-266.908,1.27349,0.527536
5350,1,3.02985,-266.267,1.27349,0.531429
5355,1,3.02985,-266.267,1.27349,0.526761
5360,1,3.05267,-266.221,1.27349,0.527778
5365,1,2.38827,-266.218,1.93491,0.531507
5370,1,3.48499,-266.83,0.838186,0.52973
5375,1,3.48057,-265.916,0.838186,0.533333
5380,1,3.73094,-265.838,0.676627,0.534211
5385,1,3.73094,-265.838,0.676627,0.527273
5390,1,3.8692,-265.838,0.538359,0.525641
5395,1,3.81425,-266.355,0.538359,0.521519
5400,1,3.03681,-266.355,1.3158,0.52
5405,1,3.02136,-266.516,1.3158,0.518519
5410,1,3.1886,-266.368,1.04048,0.521951
5415,1,1.45947,-266.368,2.76961,0.522892
5420,1,1.38236,-266.668,2.76961,0.52381
5425,1,2.70251,-266.965,1.39685,0.522353
5430,1,1.17492,-266.044,2.36117,0.525581
5435,1,1.2271,-265.63,2.36117,0.521839
5440,1,2.22422,-267.638,1.03025,0.525
5445,1,2.22422,-267.638,1.03025,0.521348
5450,1,2.74231,-267.038,1.03025,0.52
5455,1,2.74231,-267.038,1.03025,0.514286
5460,1,2.21873,-266.637,2.19992,0.517391
5465,1,3.25637,-266.637,1.16228,0.513978
5470,1,3.25637,-266.637,1.16228,0.510638
5475,1,2.89691,-269.383,1.16228,0.509474
5480,1,2.80383,-268.668,1.16228,0.510417
5485,1,3.71899,-268.668,0.247126,0.51134
5490,1,3.80933,-268.668,0.15678,0.510204
5495,1,3.83968,-268.696,0.15678,0.511111
5500,1,3.66169,-268.696,0.334769,0.508
5505,1,2.49416,-268.66,1.47923,0.8
5510,1,3.68105,-269.775,0.292343,0.6
5515,1,3.57264,-270.352,0.41084,0.6
5520,1,3.65046,-269.624,0.41084,0.65
5525,1,3.65046,-269.62,0.41084,0.68
5530,1,3.39,-269.515,0.669595,0.633333
5535,1,3.65337,-267.745,0.669595,0.628571
5540,1,2.80934,-267.641,1.51362,0.65
5545,1,3.47985,-266.325,1.05492,0.666667
5550,1,3.7969,-265.137,0.737876,0.66
5555,1,3.7969,-265.137,0.737876,0.636364
5560,1,3.94992,-266.418,0.624574,0.633333
5565,1,3.94992,-266.402,0.624574,0.630769
5570,1,3.91667,-266.728,0.624574,0.614286
5575,1,3.61166,-266.728,0.929584,0.626667
5580,1,3.61166,-266.728,0.929584,0.5875
5585,1,3.61166,-266.728,0.929584,0.552941
5590,1,3.01182,-266.728,1.52942,0.555556
5595,1,3.15373,-266.728,1.38751,0.557895
5600,1,3.15373,-266.728,1.38751,0.53
5605,1,3.15373,-266.886,1.38751,0.514286
5610,1,3.89317,-266.302,0.709784,0.509091
5615,1,3.54986,-266.843,1.05309,0.504348
5620,1,2.76219,-267.602,1.05309,0.508333
5625,1,2.61627,-267.543,1.21629,0.52
5630,1,1.60095,-267.342,2.2316,0.523077
5635,1,1.56016,-265.678,2.2316,0.518519
5640,1,1.56016,-265.678,2.2316,0.521429
5645,1,1.56016,-265.687,2.2316,0.517241
5650,1,1.34195,-265.759,2.42864,0.52
5655,1,2.95241,-267.992,0.746532,0.522581
5660,1,2.97954,-267.54,0.746532,0.51875
5665,1,4.15092,-267.303,0.584805,0.527273
5670,1,4.06536,-267.166,0.670368,0.535294
5675,1,4.08197,-266.258,0.670368,0.537143
5680,1,4.04153,-266.728,0.670368,0.533333
5685,1,3.58178,-266.634,1.13012,0.52973
5690,1,3.58178,-266.634,1.13012,0.515789
5695,1,3.31252,-265.16,1.03586,0.517949
5700,1,3.75195,-265.52,1.03586,0.515
5705,1,4.46374,-266.192,0.324074,0.526829
5710,1,3.55138,-266.203,1.23643,0.528571
5715,1,3.51171,-266.084,1.23643,0.530233
5720,1,3.5588,-265.52,1.23643,0.527273
5725,1,2.67452,-265.52,2.12071,0.52
5730,1,2.54255,-265.52,2.25269,0.513043
5735,1,2.54255,-266.103,2.25269,0.510638
5740,1,4.23929,-266.103,0.555945,0.504167
5745,1,4.23929,-266.103,0.555945,0.497959
5750,1,4.14338,-266.796,0.555945,0.496
5755,1,4.33918,-266.796,0.360144,0.494118
5760,1,4.39843,-266.796,0.300894,0.488462
5765,1,4.39843,-267.147,0.300894,0.483019
5770,1,3.48647,-267.615,1.18081,0.485185
5775,1,4.46564,-267.569,0.201645,0.483636
5780,1,4.54421,-267.658,0.123074,0.485714
5785,1,4.00968,-267.635,0.657601,0.484211
5790,1,1.01823,-267.108,3.71591,0.482759
5795,1,1.01823,-267.208,3.71591,0.484746
5800,1,1.02617,-267.328,3.71591,0.483333
5805,1,3.27736,-267.328,1.46473,0.481967
5810,1,4.52449,-267.586,0.252223,0.483871
5815,1,4.55865,-267.398,0.252223,0.488889
5820,1,4.08996,-267.364,0.720918,0.4875
5825,1,4.33248,-267.718,0.406785,0.489231
5830,1,3.90018,-267.718,0.839089,0.487879
5835,1,3.90018,-267.602,0.839089,0.492537
5840,1,4.13766,-272.503,0.839089,0.491176
5845,1,4.74352,-272.537,0.233229,0.489855
5850,1,4.74352,-272.545,0.233229,0.488571
5855,1,4.53618,-273.33,0.417944,0.492958
5860,1,4.55147,-272.795,0.417944,0.488889
5865,1,4.5596,-272.489,0.417944,0.487671
5870,1,2.98094,-272.489,1.9966,0.486486
5875,1,4.77897,-271.428,0.230782,0.490667
5880,1,4.77897,-271.432,0.230782,0.492105
5885,1,4.24064,-271.459,0.413175,0.498701
5890,1,2.89024,-266.553,0.413175,0.5
5895,1,2.89024,-266.303,0.413175,0.498734
5900,1,2.50451,-266.303,0.798904,0.5
5905,1,2.37551,-266.568,0.935545,0.501235
5910,1,2.44656,-265.729,0.935545,0.5
5915,1,2.36045,-267.283,0.935545,0.501205
5920,1,2.36045,-268.14,0.935545,0.5
5925,1,2.36045,-268.14,0.935545,0.494118
5930,1,2.02139,-265.915,0.935545,0.495349
5935,1,2.33008,-265.915,0.62686,0.491954
5940,1,2.64753,-266.306,0.208258,0.495455
5945,1,2.79234,-266.357,0.0634531,0.498876
5950,1,2.92785,-265.883,0.0634531,0.5
5955,1,2.68115,-265.883,0.31015,0.501099
5960,1,2.10496,-266.394,0.807703,0.502174
5965,1,2.26692,-265.817,0.807703,0.501075
5970,1,2.59759,-266.004,0.807703,0.497872
5975,1,2.08358,-265.883,1.32171,0.498947
5980,1,2.08358,-265.765,1.32171,0.504167
5985,1,2.08358,-265.126,1.32171,0.507216
5990,1,2.78333,-265.126,0.621967,0.506122
5995,1,2.78333,-265.693,0.621967,0.509091
6000,1,3.01845,-265.139,0.386845,0.508
6005,1,3.05132,-264.89,0.386845,0.2
6010,1,2.52194,-265.465,0.916227,0.3
6015,1,2.52194,-265.468,0.916227,0.466667
6020,1,2.52194,-265.463,0.916227,0.5
6025,1,2.56453,-265.787,1.05679,0.48
6030,1,2.56453,-265.787,1.05679,0.466667
6035,1,2.56591,-268.043,1.0986,0.485714
6040,1,2.56591,-268.022,1.0986,0.475
6045,1,2.23634,-269.735,1.0986,0.466667
6050,1,2.23634,-269.692,1.0986,0.46
6055,1,2.23634,-269.692,1.0986,0.436364
6060,1,2.23634,-269.692,1.0986,0.4
6065,1,1.61238,-267.611,1.0986,0.415385
6070,1,1.33195,-268.757,1.84617,0.457143
6075,1,-1.1115,-265.91,0.908784,0.48
6080,1,-2.14851,-266.179,1.94579,0.475
6085,1,-1.38814,-265.589,1.18342,0.482353
6090,1,-1.11988,-266.465,1.18342,0.477778
6095,1,-1.7445,-267.943,1.18342,0.473684
6100,1,-1.04933,-266.994,0.488249,0.47
6105,1,-2.04942,-267.611,1.37548,0.47619
6110,1,-2.04942,-267.611,1.37548,0.454545
6115,1,-1.83305,-268.196,1.15911,0.469565
6120,1,-1.7429,-267.231,1.15911,0.466667
6125,1,-2.70363,-267.216,2.11984,0.48
6130,1,-2.70363,-267.29,2.11984,0.469231
6135,1,-2.68158,-266.421,2.11984,0.474074
6140,1,-0.889661,-266.514,0.327919,0.471429
6145,1,-0.889661,-266.514,0.327919,0.455172
6150,1,-2.81319,-270.345,2.17122,0.46
6155,1,-2.58136,-269.754,2.17122,0.458065
6160,1,-1.48374,-270.379,1.11539,0.46875
6165,1,-2.54343,-275.002,2.11099,0.466667
6170,1,-0.816826,-274.764,0.384386,0.464706
6175,1,-0.537365,-266.531,0.384386,0.462857
6180,1,-1.55109,-267.238,1.60788,0.466667
6185,1,-1.13211,-267.769,1.1889,0.47027
6190,1,-1.08398,-266.616,1.1889,0.473684
6195,1,-1.34986,-265.287,1.1889,0.482051
6200,1,-1.894,-266.598,1.79705,0.49
6205,1,-0.879343,-267.946,0.646639,0.497561
6210,1,1.75296,-270.339,0.646639,0.495238
6215,1,1.75296,-270.339,0.646639,0.483721
6220,1,1.75296,-270.339,0.646639,0.472727
6225,1,1.75296,-270.292,0.646639,0.466667
6230,1,1.20393,-270.437,0.997867,0.469565
6235,1,0.433202,-269.186,0.997867,0.468085
6240,1,0.481446,-268.809,0.997867,0.4625
6245,1,-1.00742,-268.558,2.21104,0.465306
6250,1,-0.822157,-267.974,2.21104,0.46
6255,2,-1.44479,-267.099,2.21104,0.462745
6260,2,-1.006,-266.941,2.21104,0.465385
6265,2,-1.3286,-266.487,2.21104,0.460377
6270,2,0.205414,-268.036,0.790983,0.466667
6275,2,0.205414,-268.036,0.790983,0.458182
6280,2,-0.688144,-265.075,0.790983,0.457143
6285,2,-2.03904,-264.682,2.16685,0.459649
6290,2,-1.60853,-265.497,2.16685,0.465517
6295,2,-0.191029,-265.497,0.74935,0.464407
6300,2,-1.47297,-267.164,1.77616,0.466667
6305,2,-1.03199,-267.164,1.33519,0.462295
6310,2,-1.48839,-267.053,1.59547,0.46129
6315,2,-1.60593,-268.012,1.59547,0.463492
6320,2,-2.59419,-268.012,2.58373,0.459375
6325,3,-0.930954,-266.426,2.58373,0.461538
6330,3,-1.12864,-265.416,2.58373,0.466667
6335,3,-0.693424,-265.436,2.17054,0.471642
6340,3,0.136071,-265.436,1.34105,0.467647
6345,3,0.905279,-265.692,1.34105,0.469565
6350,3,0.905279,-265.692,1.34105,0.465714
6355,3,-0.501584,-265.858,2.74791,0.470423
6360,3,-0.57577,-265.131,2.74791,0.469444
6365,3,-0.758017,-265.776,2.74791,0.471233
6370,3,-0.758017,-265.396,2.74791,0.467568
6375,3,-0.148609,-265.585,2.74791,0.466667
6380,3,-0.79324,-265.556,2.74791,0.465789
6385,3,-0.0297561,-265.57,2.74791,0.467532
6390,3,-2.89098,-263.173,2.74791,0.466667
6395,3,-2.59456,-263.864,2.74791,0.468354
6400,3,-2.36287,-263.738,2.74761,0.4675
6405,3,-2.72589,-263.953,2.74761,0.466667
6410,3,-2.66583,-263.544,2.74761,0.470732
6415,3,-3.0106,-263.213,2.74761,0.472289
6420,3,-3.0106,-263.393,2.74761,0.471429
6425,3,-3.38898,-264.485,2.74761,0.472941
6430,3,-2.84792,-264.833,1.09684,0.474419
6435,3,-2.53733,-265.483,1.09684,0.473563
6440,3,-3.14671,-265.128,1.70622,0.477273
6445,3,-2.68174,-265.179,1.17694,0.478652
6450,3,0.0134542,-265.009,1.17694,0.484444
6455,3,-0.467236,-265.423,2.11823,0.487912
6460,3,-0.467236,-265.423,2.11823,0.482609
6465,3,-0.580975,-264.15,2.11823,0.48172
6470,3,-1.13,-264.474,2.11823,0.482979
6475,3,-1.32968,-264.758,2.11823,0.486316
6480,3,-1.32968,-264.838,2.11823,0.483333
6485,3,-1.6718,-264.838,2.46034,0.480412
6490,3,-1.25005,-264.674,2.0386,0.481633
6495,3,-1.25005,-264.647,2.0386,0.480808
6500,3,-2.02839,-264.083,2.0386,0.482
6505,3,-2.02839,-264.132,2.0386,0.4
6510,3,-2.03411,-263.657,2.0386,0.5
6515,3,-2.13252,-265.47,2.0386,0.466667
6520,3,-2.00762,-265.924,2.0386,0.45
6525,3,-1.85746,-265.724,2.0386,0.44
6530,4,-1.61343,-263.692,2.0386,0.5
6535,4,-1.76895,-264.153,2.0386,0.485714
6540,4,-1.76895,-264.147,2.0386,0.45
6545,4,-1.76895,-264.147,2.0386,0.4
6550,4,-2.72135,-263.135,2.0386,0.42
6555,4,-2.57987,-262.694,2.0386,0.4
6560,4,-2.51164,-262.521,2.0386,0.4
6565,4,-3.87334,-261.54,2.0386,0.430769
6570,4,-7.46241,-261.604,5.59686,0.442857
6575,4,-3.40368,-261.957,1.49278,0.453333
6580,4,-3.40368,-261.97,1.49278,0.4375
6585,4,-3.49634,-262.314,1.49278,0.447059
6590,4,-3.30577,-262.314,1.30222,0.433333
6595,4,-5.07594,-262.233,2.97985,0.431579
6600,4,-3.96379,-262.354,1.86771,0.45
6605,4,-3.86663,-261.965,1.86771,0.438095
6610,4,-1.75687,-265.179,1.86771,0.445455
6615,4,-2.65853,-265.102,3.23975,0.452174
6620,4,-2.45598,-264.719,3.30984,0.466667
6625,4,-1.49401,-264.654,3.30984,0.464
6630,4,-1.49401,-264.665,3.30984,0.453846
6635,4,-1.42626,-265.342,3.30984,0.459259
6640,4,-2.39562,-264.423,4.26971,0.464286
6645,4,-2.4375,-264.502,4.26971,0.462069
6650,4,-1.93473,-265.322,4.26971,0.466667
6655,4,-1.93473,-265.263,4.26971,0.464516
6660,4,-2.92919,-263.524,4.26971,0.46875
6665,4,-2.28823,-261.477,4.26971,0.478788
6670,4,-2.28823,-261.502,4.26971,0.470588
6675,4,-2.4888,-260.97,4.26971,0.474286
6680,4,-2.73687,-260.928,4.26971,0.483333
6685,4,-1.42367,-260.856,2.95651,0.486486
6690,4,-0.492633,-260.616,1.97575,0.489474
6695,4,-0.795735,-260.65,1.97575,0.487179
6700,4,0.627674,-261.355,1.62687,0.49
6705,4,0.849244,-261.369,1.62687,0.487805
6710,4,0.278852,-261.081,1.62687,0.485714
6715,4,0.238996,-261.393,1.62687,0.488372
6720,4,0.564678,-261.837,1.62687,0.486364
6725,4,0.573395,-262.047,1.61815,0.484444
6730,4,0.240873,-263.046,1.61815,0.495652
6735,4,-1.76004,-264.013,3.71609,0.497872
6740,4,-0.92388,-262.949,3.71609,0.495833
6745,4,-0.92388,-262.96,3.71609,0.489796
6750,4,0.287817,-262.96,2.50439,0.488
6755,4,-0.43781,-263.39,2.19208,0.494118
6760,4,-0.410584,-263.334,2.19208,0.488462
6765,4,0.219132,-264.097,2.19208,0.49434
6770,4,0.189595,-263.859,2.19208,0.488889
6775,4,-0.282511,-263.107,2.19208,0.490909
6780,4,-0.394574,-264.083,2.19208,0.485714
6785,4,1.09794,-263.115,1.22117,0.487719
6790,4,2.49245,-262.813,1.22117,0.493103
6795,4,2.49245,-262.437,1.22117,0.494915
6800,4,2.45945,-262.593,1.22889,0.493333
6805,4,2.45945,-262.72,1.22889,0.488525
6810,4,-1.20696,-263.204,4.3953,0.490323
6815,4,2.81237,-263.186,0.759181,0.492063
6820,4,2.69836,-263.025,0.759181,0.490625
6825,4,3.27365,-263.476,0.759181,0.492308
6830,4,1.33217,-264.941,0.759181,0.493939
6835,4,1.08271,-265.316,1.00864,0.495522
6840,4,1.08271,-266.271,1.00864,0.494118
6845,4,2.97612,-264.267,1.00864,0.495652
6850,4,3.02774,-264.094,1.00864,0.5
6855,4,2.9379,-264.583,1.00864,0.504225
6860,4,0.762226,-266.197,3.04236,0.502778
6865,4,0.762226,-266.39,3.04236,0.50137
6870,4,1.00416,-266.825,3.04236,0.502703
6875,4,1.87776,-268.411,3.04236,0.504
6880,4,1.92055,-268.563,3.04236,0.505263
6885,4,1.53368,-268.835,3.28547,0.506494
6890,4,3.55848,-266.86,3.28547,0.510256
6895,4,3.4465,-267.442,3.28547,0.511392
6900,4,3.62125,-267.067,3.28547,0.5175
6905,3,1.12902,-266.17,3.28547,0.516049
6910,3,0.553928,-267.122,3.28547,0.514634
6915,3,0.553928,-267.11,3.28547,0.513253
6920,3,0.585573,-264.317,2.0666,0.516667
6925,3,1.19005,-263.162,2.0666,0.517647
6930,3,1.70518,-264.134,2.0666,0.513953
6935,3,1.4056,-264.562,2.0666,0.512644
6940,3,1.82126,-263.875,2.0666,0.511364
6945,3,1.35199,-263.283,2.0666,0.514607
6950,3,0.737123,-262.305,2.0666,0.513333
6955,3,1.07048,-262.305,1.73325,0.50989
6960,3,1.15514,-260.925,1.73325,0.506522
6965,3,1.44744,-260.819,1.03972,0.509677
6970,3,1.07879,-261.17,1.03972,0.510638
6975,3,1.54236,-261,1.03972,0.507368
6980,3,-0.715375,-260.853,3.29746,0.510417
6985,3,-0.231195,-260.852,3.29746,0.509278
6990,3,-0.329164,-261.18,3.29746,0.508163
6995,3,0.239951,-261.132,3.29746,0.511111
7000,1,-0.052355,-271.505,2.08527,0.486359
7005,1,-0.113343,-271.733,2.08527,0.6
7010,1,-0.113343,-271.733,2.08527,0.3
7015,1,-0.113343,-271.719,2.08527,0.266667
7020,1,-0.136922,-271.663,2.08527,0.4
7025,1,-0.196185,-271.717,2.08527,0.36
7030,1,2.59029,-270.802,0.811739,0.433333
7035,1,2.4984,-270.906,0.903623,0.428571
7040,1,3.33854,-270.906,0.0634823,0.425
7045,1,3.02516,-269.435,0.376869,0.444444
7050,1,3.02516,-269.447,0.376869,0.44
7055,1,3.19445,-268.501,0.376869,0.454545
7060,1,1.04053,-268.501,2.5308,0.433333
7065,1,1.24959,-268.685,2.2942,0.430769
7070,1,1.29273,-268.136,2.2942,0.442857
7075,1,1.38613,-269.79,2.2942,0.453333
7080,1,1.42287,-269.442,2.2942,0.4625
7085,1,1.42287,-269.442,2.2942,0.447059
7090,1,1.42287,-269.442,2.2942,0.422222
7095,1,1.4008,-267.904,2.2942,0.442105
7100,1,3.04092,-267.904,0.654084,0.44
7105,1,3.04092,-267.922,0.654084,0.457143
7110,1,2.89944,-267.775,0.761884,0.472727
7115,1,3.12778,-267.528,0.761884,0.478261
7120,1,2.99091,-268.182,0.437277,0.491667
7125,1,3.22531,-270.245,0.437277,0.496
7130,1,2.74766,-270.792,0.914926,0.5
7135,1,3.37107,-270.69,0.914926,0.511111
7140,1,3.3674,-270.596,0.914926,0.507143
7145,1,4.01761,-270.596,0.264707,0.503448
7150,1,3.08938,-268.003,1.22598,0.506667
7155,1,3.08938,-267.962,1.22598,0.509677
7160,1,2.9028,-270.337,1.22598,0.50625
7165,1,2.87448,-270.083,1.22598,0.49697
7170,1,2.38386,-269.933,1.22598,0.511765
7175,1,2.95863,-269.933,0.651204,0.502857
7180,1,2.95863,-269.959,0.651204,0.5
7185,1,2.97867,-269.656,0.651204,0.497297
7190,1,3.42849,-269.652,0.21504,0.5
7195,1,3.42849,-269.596,0.21504,0.497436
7200,1,2.53366,-269.159,1.02826,0.5
7205,1,2.54019,-269.735,1.02826,0.497561
7210,1,3.16122,-269.818,0.376699,0.504762
7215,1,3.306,-270.274,0.376699,0.506977
7220,1,3.44254,-269.177,0.347053,0.513636
7225,1,1.7745,-268.493,0.347053,0.515556
7230,1,3.62747,-269.401,0.347053,0.513043
7235,1,3.35346,-269.401,0.621064,0.506383
7240,1,3.26878,-270.241,0.621064,0.504167
7245,1,3.19413,-270.254,0.621064,0.506122
7250,1,3.19413,-270.287,0.621064,0.504
7255,1,2.65149,-269.946,0.621064,0.505882
7260,1,1.93703,-269.9,1.37677,0.507692
7265,1,2.13037,-269.152,1.37677,0.513208
7270,1,2.13037,-269.122,1.37677,0.511111
7275,1,2.13037,-269.27,1.37677,0.505455
7280,1,3.09423,-268.648,0.446834,0.510714
7285,1,1.67287,-268.648,1.8682,0.505263
7290,1,1.67287,-268.643,1.8682,0.5
7295,1,0.814485,-268.938,2.72658,0.505085
7300,1,2.98954,-268.91,0.435647,0.51
7305,1,2.82544,-268.91,0.599742,0.504918
7310,1,2.85899,-268.908,0.554847,0.509677
7315,1,1.01995,-268.953,2.39388,0.507937
7320,1,2.34149,-271.804,2.39388,0.503125
7325,1,2.3569,-271.802,2.39388,0.498462
7330,1,2.10621,-271.253,2.39388,0.49697
7335,1,2.89817,-267.974,1.57698,0.495522
7340,1,2.55231,-268.882,1.57698,0.497059
7345,1,3.40621,-268.862,0.724349,0.498551
7350,1,3.6213,-268.862,0.509259,0.497143
7355,1,3.02805,-268.8,1.11008,0.498592
7360,1,3.02708,-269.087,1.11008,0.497222
7365,1,3.02008,-269.204,1.11008,0.49589
7370,1,3.02008,-269.009,1.11008,0.494595
7375,1,3.02008,-268.76,1.11008,0.496
7380,1,3.02008,-268.669,1.11008,0.494737
7385,1,3.02008,-268.182,1.11008,0.498701
7390,1,3.70487,-268.182,0.425296,0.494872
7395,1,3.70376,-268.197,0.425296,0.493671
7400,1,3.78844,-269.024,0.425296,0.495
7405,1,3.62284,-268.77,0.425296,0.493827
7410,1,3.59512,-268.001,0.425296,0.495122
7415,1,3.76287,-267.776,0.263027,0.496386
7420,1,3.84707,-267.821,0.166786,0.495238
7425,1,3.97592,-268.047,0.166786,0.496471
7430,1,3.59276,-268.441,0.540117,0.5
7435,1,3.59276,-268.546,0.540117,0.501149
7440,1,3.95388,-268.482,0.540117,0.502273
7445,1,3.95388,-268.523,0.540117,0.501124
7450,1,3.97,-268.325,0.540117,0.5
7455,1,3.97,-268.403,0.540117,0.501099
7460,1,3.95174,-268.497,0.540117,0.5
7465,1,3.34785,-268.497,1.14401,0.498925
7470,1,3.53036,-268.497,0.961501,0.497872
7475,1,4.21549,-268.497,0.276374,0.494737
7480,1,4.15666,-269.023,0.276374,0.49375
7485,1,4.2161,-268.509,0.276374,0.492784
7490,1,4.32781,-268.575,0.155598,0.493878
7495,1,4.09967,-268.575,0.383735,0.492929
7500,1,3.96891,-270.42,0.383735,0.496
7505,1,2.47759,-270.52,1.86951,0.8
7510,1,2.56254,-269.483,1.86951,0.7
7515,1,2.56656,-269.424,1.86951,0.6
7520,1,3.05791,-269.424,1.37815,0.55
7525,1,3.12299,-268.612,1.37815,0.52
7530,1,2.88566,-270.752,1.37815,0.5
7535,1,2.89885,-270.985,1.37815,0.514286
7540,1,3.36863,-272.618,1.37815,0.525
7545,1,3.34213,-272.392,1.3608,0.533333
7550,1,3.12304,-273.512,1.3608,0.54
7555,1,3.5879,-273.374,0.895948,0.563636
7560,1,3.4965,-273.613,0.895948,0.583333
7565,1,3.74124,-272.886,0.895948,0.615385
7570,1,3.85675,-272.277,0.817587,0.6
7575,1,4.35242,-272.277,0.321919,0.6
7580,1,4.24989,-272.465,0.321919,0.575
7585,1,4.25235,-272.465,0.321919,0.588235
7590,1,2.30046,-271.421,2.32402,0.588889
7595,1,3.48829,-271.354,1.13619,0.6
7600,1,3.92255,-268.984,0.720653,0.59
7605,1,3.92255,-269.114,0.720653,0.580952
7610,1,3.74219,-268.552,0.837244,0.590909
7615,1,3.20259,-268.42,1.39859,0.582609
7620,1,2.95076,-272.019,1.39859,0.583333
7625,1,2.95076,-272.139,1.39859,0.576
7630,1,2.88086,-271.043,1.39859,0.576923
7635,1,3.85893,-271.04,0.420525,0.57037
7640,1,3.83025,-271.14,0.449206,0.564286
7645,1,3.83025,-271.089,0.449206,0.558621
7650,1,3.8232,-267.955,0.712684,0.553333
7655,1,3.8232,-267.955,0.712684,0.535484
7660,1,3.82196,-268.042,0.712684,0.53125
7665,1,3.82196,-268.083,0.712684,0.527273
7670,1,3.82196,-268.083,0.712684,0.517647
7675,1,3.96755,-267.778,0.712684,0.514286
7680,1,4.63879,-266.383,0.148741,0.511111
7685,1,4.6004,-266.856,0.148741,0.513514
7690,1,4.62983,-266.747,0.119316,0.510526
7695,1,4.64866,-266.747,0.10048,0.507692
7700,1,4.6324,-267.014,0.10048,0.51
7705,1,4.62862,-267.572,0.0687389,0.517073
7710,1,4.62862,-267.615,0.0687389,0.519048
7715,1,4.36451,-267.615,0.332841,0.516279
7720,1,3.01748,-267.58,1.68999,0.513636
7725,1,4.44154,-267.373,0.280743,0.511111
7730,1,4.35882,-268.828,0.280743,0.513043
7735,1,4.28878,-268.828,0.350779,0.514894
7740,1,4.28878,-268.61,0.350779,0.516667
7745,1,3.3601,-268.352,1.31241,0.522449
7750,1,3.3601,-268.486,1.31241,0.52
7755,1,4.26704,-268.486,0.405469,0.521569
7760,1,2.58701,-268.507,2.08549,0.523077
7765,1,2.60848,-268.054,2.08549,0.528302
7770,1,3.95988,-268.054,0.734087,0.522222
7775,1,3.95988,-267.987,0.734087,0.516364
7780,1,4.07298,-266.421,0.734087,0.517857
7785,1,4.27445,-266.988,0.4801,0.515789
7790,1,4.22253,-267.052,0.4801,0.510345
7795,1,4.22253,-266.886,0.4801,0.511864
7800,1,3.39423,-266.941,1.3036,0.513333
7805,1,3.23374,-266.927,1.46408,0.514754
7810,1,3.60839,-266.723,0.948435,0.516129
7815,1,3.60839,-266.675,0.948435,0.514286
7820,1,3.65498,-266.069,0.948435,0.515625
7825,1,3.25555,-266.901,1.28717,0.516923
7830,1,3.25555,-267.278,1.28717,0.515152
7835,1,3.25555,-267.278,1.28717,0.510448
7840,1,3.50608,-268.219,0.994121,0.514706
7845,1,3.51297,-268.442,0.994121,0.513043
7850,1,3.88353,-268.311,0.623554,0.514286
7855,1,4.3295,-268.257,0.177587,0.515493
7860,1,3.5812,-267.867,0.527883,0.519444
7865,1,2.47502,-267.867,1.63405,0.520548
7870,1,2.97751,-267.612,1.12078,0.521622
7875,1,2.97751,-267.431,1.12078,0.522667
7880,1,3.07964,-270.126,1.12078,0.521053
7885,1,2.99931,-266.387,1.12078,0.527273
7890,1,1.9862,-266.387,2.13389,0.523077
7895,1,3.98238,-266.387,0.137708,0.521519
7900,1,3.98238,-266.496,0.137708,0.5225
7905,1,3.52534,-267.137,0.619937,0.525926
7910,1,3.53357,-266.97,0.625402,0.526829
7915,1,3.52214,-267.128,0.625402,0.525301
7920,1,3.52214,-267.201,0.625402,0.52381
7925,1,3.52214,-267.201,0.625402,0.517647
7930,1,3.55154,-267.492,0.625402,0.518605
7935,1,3.55154,-267.686,0.625402,0.514943
7940,1,3.58118,-267.283,0.595759,0.515909
7945,1,3.46634,-266.896,0.595759,0.516854
7950,1,3.67732,-267.426,0.595759,0.515556
7955,1,3.67732,-267.345,0.595759,0.514286
7960,1,3.67732,-267.345,0.595759,0.508696
7965,1,3.68053,-267.218,0.595759,0.509677
7970,1,3.26151,-266.416,0.595759,0.512766
7975,1,1.44224,-266.3,2.42372,0.513684
7980,1,2.3538,-266.601,1.49064,0.516667
7985,1,0.942216,-266.601,2.90222,0.513402
7990,1,0.960888,-266.52,2.90222,0.510204
7995,1,0.960888,-266.543,2.90222,0.511111
8000,1,0.960888,-266.494,2.90222,0.508
8005,1,0.999493,-266.743,2.90222,0.4
8010,1,1.00477,-266.627,2.90222,0.5
8015,1,0.474664,-270.145,2.90222,0.533333
8020,1,2.85907,-268.715,0.555257,0.6
8025,1,2.85907,-268.789,0.555257,0.6
8030,1,2.85907,-268.789,0.555257,0.533333
8035,1,0.344592,-266.651,3.45088,0.571429
8040,1,3.19371,-266.651,0.601765,0.575
8045,1,3.20623,-266.59,0.601765,0.577778
8050,1,3.46199,-266.612,0.345997,0.62
8055,1,3.40775,-266.006,0.345997,0.6
8060,1,4.02959,-267.877,0.345997,0.616667
8065,1,3.75608,-267.855,0.619507,0.630769
8070,1,3.92623,-267.992,0.619507,0.642857
8075,1,4.07771,-269.754,0.619507,0.64
8080,1,4.25905,-268.166,0.619507,0.625
8085,1,4.25678,-268.055,0.619507,0.623529
8090,1,3.52082,-267.668,1.33283,0.611111
8095,1,4.18754,-267.87,0.66611,0.621053
8100,1,4.18754,-267.758,0.66611,0.61
8105,1,3.96165,-267.539,0.892006,0.6
8110,1,3.78306,-265.782,0.892006,0.590909
8115,1,2.3724,-265.782,2.30266,0.582609
8120,1,2.45868,-265.59,2.30266,0.575
8125,1,4.51787,-265.69,0.243475,0.576
8130,1,4.52516,-265.602,0.243475,0.576923
8135,1,4.37097,-265.531,0.403913,0.577778
8140,1,4.34107,-265.673,0.403913,0.578571
8145,1,4.42315,-267.423,0.403913,0.572414
8150,1,4.44291,-267.396,0.384147,0.573333
8155,1,4.06445,-267.167,0.913343,0.580645
8160,1,4.05453,-267.32,0.913343,0.575
8165,1,3.9756,-266.679,0.913343,0.563636
8170,1,3.85384,-267.193,0.913343,0.552941
8175,1,3.90712,-266.79,0.913343,0.542857
8180,1,3.52822,-267.431,1.25278,0.544444
8185,1,3.52443,-267.399,1.25278,0.545946
8190,1,4.41565,-267.352,0.3519,0.542105
8195,1,4.41565,-267.324,0.3519,0.538462
8200,1,4.38363,-267.214,0.3519,0.53
8205,1,4.38363,-267.223,0.3519,0.526829
8210,1,3.94065,-267.116,0.3519,0.528571
8215,1,3.93906,-266.878,0.353484,0.525581
8220,1,3.99993,-267.144,0.292613,0.527273
8225,1,3.94047,-268.27,0.292613,0.52
8230,1,3.61336,-269.129,1.20323,0.526087
8235,1,3.73581,-268.995,1.20323,0.531915
8240,1,3.73581,-268.977,1.20323,0.529167
8245,1,3.73581,-268.977,1.20323,0.518367
8250,1,3.79456,-267.634,1.20323,0.52
8255,1,3.80539,-267.905,1.20323,0.52549
8260,1,3.80884,-268.113,1.20323,0.523077
8265,1,3.80884,-268.113,1.20323,0.513208
8270,1,3.83806,-267.539,1.20323,0.514815
8275,1,3.83806,-267.539,1.20323,0.505455
8280,1,3.83066,-267.623,1.20323,0.507143
8285,1,4.83166,-267.662,0.202221,0.515789
8290,1,4.62821,-267.669,0.405678,0.517241
8295,1,3.93945,-267.009,1.1389,0.518644
8300,1,3.77987,-266.993,1.29848,0.516667
8305,1,3.71406,-266.937,1.29848,0.518033
8310,1,4.3176,-266.878,0.694945,0.519355
8315,1,2.35243,-267.463,2.67388,0.51746
8320,1,2.29729,-267.981,2.67388,0.515625
8325,1,2.23774,-267.502,2.67388,0.52
8330,1,2.29007,-266.842,2.67388,0.518182
8335,1,4.42626,-267.045,0.515397,0.516418
8340,1,4.42626,-267.085,0.515397,0.511765
8345,1,4.42662,-267.081,0.515397,0.507246
8350,1,4.42662,-266.968,0.515397,0.505714
8355,1,4.45665,-266.708,0.515397,0.504225
8360,1,4.45665,-266.708,0.515397,0.5
8365,1,4.40403,-268.562,0.515397,0.49863
8370,1,4.26649,-265.994,0.515397,0.497297
8375,1,4.26649,-266.084,0.515397,0.496
8380,1,4.2048,-266.021,0.598632,0.497368
8385,1,2.35691,-266.323,2.4692,0.498701
8390,1,1.6809,-269.531,2.97428,0.502564
8395,1,3.77712,-269.531,0.878058,0.498734
8400,1,3.48851,-267.365,0.535426,0.505
8405,1,3.70365,-267.158,0.535426,0.508642
8410,1,3.63771,-268.303,0.535426,0.507317
8415,1,3.88361,-268.303,0.289534,0.508434
8420,1,4.02157,-266.499,0.289534,0.509524
8425,1,4.02157,-266.505,0.289534,0.505882
8430,1,3.99097,-266.686,0.289534,0.506977
8435,1,3.66918,-266.528,0.629138,0.508046
8440,1,3.49277,-266.493,0.826233,0.509091
8445,1,3.51791,-266.655,0.826233,0.507865
8450,1,3.45529,-267.301,0.826233,0.513333
8455,1,3.69598,-266.654,0.640485,0.514286
8460,1,3.69598,-266.699,0.640485,0.513043
8465,1,3.58981,-266.689,0.74665,0.513978
8470,1,3.62545,-266.611,0.720147,0.512766
8475,1,4.05428,-266.692,0.281943,0.511579
8480,1,4.02963,-266.944,0.281943,0.5125
8485,1,4.04444,-266.958,0.276585,0.513402
8490,1,4.04444,-266.996,0.276585,0.512245
8495,1,3.98,-268.035,0.276585,0.511111
8500,1,3.98206,-268.02,0.276585,0.512
8505,1,4.15462,-267.76,0.107504,0.8
8510,1,3.96737,-267.848,0.294758,0.7
8515,1,3.22032,-267.927,1.0412,0.733333
8520,1,2.2377,-267.927,2.02382,0.7
8525,1,2.2377,-267.927,2.02382,0.56
8530,1,2.2377,-267.924,2.02382,0.5
8535,1,2.2377,-267.937,2.02382,0.457143
8540,1,3.3877,-268.017,0.873821,0.5
8545,1,3.3877,-268.069,0.873821,0.511111
8550,1,3.72237,-268.68,0.66023,0.52
8555,1,3.73513,-269.28,0.66023,0.490909
8560,1,3.73513,-269.177,0.66023,0.466667
8565,1,1.87913,-269.143,2.51623,0.461538
8570,1,1.87935,-269.144,2.51623,0.457143
8575,1,1.90651,-269.069,2.51623,0.466667
8580,1,1.87132,-269.241,2.51623,0.4625
8585,1,1.75148,-270.475,2.51623,0.482353
8590,1,1.50901,-268.737,2.51623,0.488889
8595,1,1.56594,-267.713,2.51623,0.484211
8600,1,2.31106,-267.713,1.7711,0.49
8605,1,2.37428,-266.963,1.7711,0.47619
8610,1,2.3508,-267.196,1.7711,0.463636
8615,1,3.70431,-266.412,0.470274,0.478261
8620,1,1.97716,-266.321,2.19743,0.475
8625,1,2.18108,-266.321,1.99351,0.48
8630,1,2.19552,-266.066,1.99351,0.484615
8635,1,3.73048,-266.027,0.412143,0.488889
8640,1,3.79688,-266.295,0.127386,0.492857
8645,1,3.7207,-266.946,0.155206,0.496552
8650,1,3.7207,-266.825,0.155206,0.486667
8655,1,3.45608,-266.825,0.419834,0.483871
8660,1,0.993564,-266.825,2.88234,0.4875
8665,1,0.929167,-266.341,2.88234,0.490909
8670,1,3.67126,-267.323,0.532451,0.488235
8675,1,2.88666,-267.323,1.31705,0.48
8680,1,3.96363,-267.405,0.240079,0.488889
8685,1,3.96363,-267.144,0.240079,0.497297
8690,1,3.96363,-267.24,0.240079,0.494737
8695,1,3.96965,-267.113,0.240079,0.497436
8700,1,3.68645,-266.518,0.543383,0.495
8705,1,3.81567,-266.461,0.414167,0.502439
8710,1,3.813,-266.501,0.414167,0.504762
8715,1,3.813,-266.524,0.414167,0.506977
8720,1,3.46262,-266.524,0.764545,0.504545
8725,1,3.46262,-266.574,0.764545,0.506667
8730,1,3.46262,-266.696,0.764545,0.5
8735,1,3.98688,-266.696,0.240288,0.493617
8740,1,3.78683,-266.602,0.440341,0.495833
8745,1,3.92291,-267.102,0.257941,0.497959
8750,1,4.03496,-267.403,0.0366717,0.5
8755,1,3.99358,-267.396,0.0780497,0.498039
8760,1,3.98826,-267.358,0.0833722,0.5
8765,1,3.6167,-267.861,0.230742,0.501887
8770,1,2.88637,-268.239,0.947429,0.503704
8775,1,2.88637,-268.239,0.947429,0.498182
8780,1,3.23594,-268.377,0.597861,0.503571
8785,1,3.23594,-268.218,0.597861,0.501754
8790,1,3.23594,-268.218,0.597861,0.493103
8795,1,3.23594,-268.218,0.597861,0.488136
8800,1,1.99217,-268.279,1.84163,0.493333
8805,1,2.51671,-268.2,1.31709,0.491803
8810,1,1.81736,-267.049,2.1446,0.496774
8815,1,1.81736,-267.173,2.1446,0.504762
8820,1,1.81736,-267.141,2.1446,0.50625
8825,1,1.81736,-267.182,2.1446,0.504615
8830,1,1.9472,-267.236,2.1446,0.506061
8835,1,1.93,-266.533,2.1446,0.510448
8840,1,1.93,-266.533,2.1446,0.502941
8845,1,1.95171,-266.543,2.1446,0.501449
8850,1,1.95171,-266.543,2.1446,0.494286
8855,1,2.56105,-266.798,1.638,0.492958
8860,1,3.95435,-266.798,0.244701,0.488889
8865,1,4.01171,-266.798,0.187342,0.487671
8870,1,3.41351,-266.798,0.78554,0.489189
8875,1,3.44196,-266.79,0.78554,0.490667
8880,1,3.49352,-266.84,0.78554,0.492105
8885,1,3.33038,-266.084,0.78554,0.496104
8890,1,2.81453,-265.533,1.10087,0.497436
8895,1,2.81453,-265.376,1.10087,0.498734
8900,1,2.85157,-265.308,1.10087,0.495
8905,1,2.85157,-265.323,1.10087,0.491358
8910,1,2.85157,-265.488,1.10087,0.487805
8915,1,3.01604,-265.452,0.936409,0.489157
8920,1,2.95527,-266.688,0.844652,0.490476
8925,1,2.71079,-266.667,1.08913,0.489412
8930,1,2.71079,-266.678,1.08913,0.486047
8935,1,2.39383,-266.706,1.40609,0.487356
8940,1,2.03326,-266.725,1.76665,0.486364
8945,1,2.03326,-266.744,1.76665,0.485393
8950,1,3.43801,-265.239,0.554153,0.486667
8955,1,2.04665,-265.078,1.95621,0.492308
8960,1,3.4102,-265.075,0.592997,0.493478
8965,1,3.41217,-265.019,0.592997,0.492473
8970,1,3.41086,-265.146,0.592997,0.491489
8975,1,3.41086,-264.992,0.592997,0.490526
8980,1,3.41086,-265.172,0.592997,0.4875
8985,1,3.50165,-265.172,0.502203,0.486598
8990,1,2.55044,-265.179,1.4525,0.485714
8995,1,2.55565,-265.354,1.4525,0.484848
9000,1,3.16489,-265.643,1.09633,0.486
9005,1,3.16489,-265.62,1.09633,0.2
9010,1,3.16489,-265.561,1.09633,0.4
9015,1,3.16489,-265.561,1.09633,0.4
9020,1,3.2115,-266.847,1.09633,0.45
9025,1,3.2115,-266.941,1.09633,0.4
9030,1,3.97791,-265.656,0.281182,0.466667
9035,1,3.47694,-265.591,0.762684,0.485714
9040,1,3.14113,-265.604,1.08732,0.525
9045,1,2.72275,-265.626,1.49487,0.533333
9050,1,2.72275,-265.634,1.49487,0.52
9055,1,3.77836,-265.54,0.439262,0.527273
9060,1,3.77836,-265.619,0.439262,0.516667
9065,1,2.83847,-265.889,1.36611,0.538462
9070,1,2.88648,-265.694,1.36611,0.542857
9075,1,2.88648,-265.712,1.36611,0.533333
9080,1,2.8371,-265.988,1.36611,0.525
9085,1,3.83219,-266.032,0.371426,0.541176
9090,1,3.82603,-266.033,0.371426,0.555556
9095,1,3.90976,-265.76,0.385533,0.568421
9100,1,3.55521,-265.736,0.742438,0.57
9105,1,3.53701,-265.775,0.742438,0.580952
9110,1,3.53701,-265.803,0.742438,0.563636
9115,1,3.57117,-265.5,0.742438,0.547826
9120,1,3.46365,-265.657,0.742438,0.55
9125,1,2.50239,-265.627,1.7037,0.56
9130,1,2.50239,-265.626,1.7037,0.561538
9135,1,3.90947,-266.183,0.250071,0.555556
9140,1,4.02563,-266.161,0.133908,0.55
9145,1,3.62279,-267.433,0.391966,0.544828
9150,1,3.62279,-267.432,0.391966,0.546667
9155,1,3.67617,-266.95,0.367526,0.554839
9160,1,3.85414,-267.328,0.184237,0.56875
9165,1,3.88725,-267.354,0.184237,0.563636
9170,1,2.60713,-266.746,0.52652,0.570588
9175,1,0.822087,-267.814,2.18421,0.577143
9180,1,0.920798,-268.068,2.18421,0.577778
9185,1,1.72642,-267.053,1.4378,0.589189
9190,1,3.598,-268.277,0.561599,0.594737
9195,1,3.61033,-268.367,0.561599,0.589744
9200,1,3.84995,-268.375,0.32198,0.585
9205,1,3.66258,-268.38,0.509349,0.590244
9210,1,3.61903,-268.112,0.509349,0.590476
9215,1,3.61903,-268.114,0.509349,0.581395
9220,1,3.27317,-266.707,0.509349,0.577273
9225,1,3.27317,-266.707,0.509349,0.573333
9230,1,3.0982,-267.162,0.238098,0.569565
9235,1,3.0982,-266.954,0.238098,0.561702
9240,1,3.11773,-266.695,0.238098,0.558333
9245,1,2.07263,-265.78,1.20909,0.563265
9250,1,2.07263,-265.975,1.20909,0.564
9255,1,1.81006,-266.68,1.20909,0.556863
9260,1,2.31189,-266.738,0.707263,0.557692
9265,1,2.23118,-266.471,0.707263,0.558491
9270,1,2.2581,-266.367,0.707263,0.551852
9275,1,2.17344,-265.881,0.972982,0.552727
9280,1,1.92545,-265.262,1.30161,0.553571
9285,1,2.64769,-265.251,0.570407,0.557895
9290,1,2.58962,-265.531,0.570407,0.562069
9295,1,2.58962,-265.531,0.570407,0.552542
9300,1,1.77342,-266.515,1.30517,0.553333
9305,1,1.77342,-266.515,1.30517,0.544262
9310,1,1.54246,-266.712,1.30517,0.545161
9315,1,1.54524,-267.066,1.30517,0.546032
9320,1,1.48515,-267.42,1.30517,0.553125
9325,1,1.18495,-267.42,1.60537,0.547692
9330,1,2.24848,-268.283,0.465711,0.548485
9335,1,2.8816,-269.721,0.465711,0.549254
9340,1,1.7467,-269.685,1.60061,0.547059
9345,1,1.8473,-268.842,1.60061,0.544928
9350,1,3.11228,-268.684,0.364023,0.542857
9355,1,2.70752,-268.641,0.768778,0.543662
9360,1,2.70752,-269.545,0.768778,0.538889
9365,1,2.66129,-268.533,0.768778,0.542466
9370,1,2.24929,-268.316,1.18078,0.540541
9375,1,2.13659,-268.329,1.18078,0.536
9380,1,2.95774,-268.517,0.376038,0.539474
9385,1,3.09947,-268.282,0.376038,0.535065
9390,1,3.03168,-268.678,0.376038,0.538462
9395,1,3.09278,-268.581,0.376038,0.539241
9400,1,1.5198,-268.866,2.0214,0.54
9405,1,1.5198,-268.876,2.0214,0.540741
9410,1,1.59694,-269.635,2.0214,0.541463
9415,1,3.17567,-269.474,0.445071,0.542169
9420,1,3.19056,-269.72,0.439332,0.542857
9425,1,2.00532,-269.673,1.62457,0.541176
9430,1,1.83177,-268.568,1.62457,0.539535
9435,1,1.80756,-268.664,1.62457,0.54023
9440,1,1.80756,-268.664,1.62457,0.536364
9445,1,1.80756,-268.704,1.62457,0.532584
9450,1,1.88812,-268.51,1.62457,0.531111
9455,1,1.88812,-268.667,1.62457,0.527473
9460,1,2.646,-269.431,0.909088,0.530435
9465,1,2.62125,-268.877,0.909088,0.529032
9470,1,2.62125,-269.089,0.909088,0.52766
9475,1,2.51065,-269.056,0.980683,0.530526
9480,1,2.51065,-269.056,0.980683,0.525
9485,1,1.83029,-269.372,1.62349,0.525773
9490,1,1.83029,-269.296,1.62349,0.522449
9495,1,1.90244,-269.639,1.62349,0.521212
9500,1,1.90244,-269.339,1.62349,0.52
9505,1,1.90244,-269.339,1.62349,0
9510,1,3.1922,-267.605,0.502118,0.4
9515,1,3.5599,-267.605,0.134419,0.4
9520,1,3.79639,-267.923,0.134419,0.45
9525,1,3.78082,-267.466,0.134419,0.48
9530,1,3.78082,-267.36,0.134419,0.466667
9535,1,3.78082,-267.48,0.134419,0.428571
9540,1,3.78082,-267.712,0.134419,0.425
9545,1,3.47958,-267.468,0.435655,0.422222
9550,1,3.28463,-267.468,0.630611,0.42
9555,1,3.34872,-266.594,0.630611,0.418182
9560,1,2.74601,-266.415,1.25376,0.433333
9565,1,2.76636,-266.603,1.25376,0.461538
9570,1,3.61463,-266.645,0.405482,0.457143
9575,1,2.29422,-265.664,1.77677,0.48
9580,1,3.38903,-265.664,0.681961,0.475
9585,1,3.37248,-265.783,0.681961,0.482353
9590,1,2.24911,-265.749,1.80533,0.5
9595,1,2.17156,-266.715,1.80533,0.505263
9600,1,2.19654,-266.189,1.80533,0.51
9605,1,2.16332,-266.545,1.80533,0.514286
9610,1,2.12525,-267.195,1.80533,0.5
9615,1,2.24621,-265.613,1.80533,0.486957
9620,1,3.02275,-265.553,1.0374,0.491667
9625,1,3.02275,-265.647,1.0374,0.48
9630,1,1.60422,-266.375,2.2323,0.484615
9635,1,1.52897,-265.938,2.2323,0.488889
9640,1,1.52897,-266.037,2.2323,0.492857
9645,1,1.52897,-266.236,2.2323,0.489655
9650,1,3.49895,-265.835,0.305256,0.486667
9655,1,2.28175,-265.643,1.55721,0.496774
9660,1,1.67174,-265.823,2.16723,0.5
9665,1,2.8952,-266.047,1.06145,0.50303
9670,1,2.87007,-266.104,1.06145,0.5
9675,1,3.47129,-266.147,0.460221,0.497143
9680,1,3.4,-266.558,0.460221,0.5
9685,1,3.36307,-267.18,0.460221,0.497297
9690,1,3.32919,-266.273,0.587247,0.494737
9695,1,2.06886,-266.273,1.84758,0.497436
9700,1,2.01181,-266.679,1.84758,0.49
9705,1,2.42189,-266.663,1.4375,0.492683
9710,1,2.48435,-266.439,1.4375,0.490476
9715,1,2.48435,-266.439,1.4375,0.483721
9720,1,2.41292,-267.121,1.4375,0.486364
9725,1,2.40643,-267.307,1.4375,0.484444
9730,1,2.43426,-266.955,1.4375,0.478261
9735,1,2.41899,-266.867,1.4375,0.485106
9740,1,2.41899,-266.867,1.4375,0.479167
9745,1,3.3512,-266.867,0.505286,0.477551
9750,1,3.42288,-266.176,0.505286,0.476
9755,1,3.42597,-266.571,0.473033,0.486275
9760,1,3.42597,-266.619,0.473033,0.492308
9765,1,1.59303,-266.535,2.30597,0.490566
9770,1,3.29696,-266.383,0.60204,0.496296
9775,1,3.35784,-266.119,0.60204,0.494545
9780,1,3.18995,-267.952,0.831263,0.5
9785,1,3.20893,-267.875,0.831263,0.498246
9790,1,3.37606,-267.904,0.664129,0.496552
9795,1,2.64543,-268.407,0.664129,0.494915
9800,1,1.5043,-268.797,1.80526,0.493333
9805,1,2.41762,-268,1.14349,0.491803
9810,1,1.0681,-266.225,2.36453,0.5
9815,1,1.07564,-266.136,2.36453,0.501587
9820,1,1.07564,-266.136,2.36453,0.496875
9825,1,1.07564,-266.372,2.36453,0.501538
9830,1,2.95013,-266.372,0.490036,0.49697
9835,1,2.95207,-266.348,0.490036,0.492537
9840,1,2.96958,-266.407,0.490036,0.491176
9845,1,2.95752,-266.471,0.490036,0.492754
9850,1,3.05258,-266.243,0.490036,0.494286
9855,1,3.00064,-266.379,0.490036,0.492958
9860,1,1.89881,-266.675,1.54893,0.494444
9865,1,1.89881,-266.5,1.54893,0.493151
9870,1,1.89881,-266.812,1.54893,0.489189
9875,2,2.26846,-263.686,1.54893,0.490667
9880,2,2.30315,-263.579,1.54893,0.494737
9885,2,2.30315,-263.579,1.54893,0.488312
9890,2,2.30157,-263.6,1.54893,0.489744
9895,2,2.30157,-263.675,1.54893,0.486076
9900,2,1.94267,-263.675,1.90784,0.4825
9905,2,2.42406,-263.331,1.90784,0.481481
9910,2,2.43465,-263.328,1.32289,0.485366
9915,2,2.43465,-263.541,1.32289,0.486747
9920,2,2.94152,-264.002,0.727025,0.490476
9925,2,3.03574,-264.039,0.727025,0.487059
9930,2,1.85415,-263.578,0.727025,0.488372
9935,2,1.85415,-263.578,0.727025,0.482759
9940,2,0.958892,-263.257,0.727025,0.486364
9945,2,-1.0433,-263.248,2.61807,0.489888
9950,2,-1.0433,-263.248,2.61807,0.484444
9955,2,0.106178,-263.347,2.61807,0.481319
9960,2,2.26015,-263.347,0.4641,0.482609
9965,2,2.35751,-263.249,0.4641,0.483871
9970,2,0.850955,-263.285,1.84879,0.487234
9975,2,0.733872,-267.172,1.84879,0.490526
9980,2,0.703133,-268.003,1.84879,0.491667
9985,2,0.921079,-268.232,1.84879,0.492784
9990,2,-1.22061,-267.674,1.84879,0.493878
9995,2,-0.921871,-268.342,2.39573,0.49697
