generation,rank_1,rank_2,swapAccepted
1000,2,4,1
2000,2,4,1
3000,2,4,1
4000,1,4,1
5000,1,3,1
6000,1,2,1
7000,3,4,1
8000,1,3,1
9000,2,3,1
10000,2,4,1
11000,2,3,1
12000,2,3,1
13000,2,4,1
14000,1,4,1
15000,1,4,1
16000,1,3,1
17000,1,3,1
18000,1,2,1
19000,2,3,1
20000,3,4,1
21000,2,3,1
22000,1,4,1
23000,1,4,1
24000,2,3,1
25000,3,4,1
26000,1,3,1
27000,1,2,1
28000,2,3,1
29000,1,3,1
30000,2,3,1
31000,1,3,1
32000,3,4,1
33000,3,4,1
34000,3,4,1
35000,1,4,1
36000,1,2,1
37000,3,4,1
38000,2,3,1
39000,1,3,1
40000,1,3,1
41000,1,3,1
42000,2,4,1
43000,2,3,1
44000,2,4,1
45000,2,4,0
46000,2,3,1
47000,2,3,1
48000,2,3,1
49000,2,4,1
50000,1,3,1
51000,1,2,1
52000,2,3,1
53000,2,4,1
54000,2,3,1
55000,2,4,1
56000,2,3,1
57000,1,4,1
58000,3,4,1
59000,2,4,1
60000,2,3,1
61000,1,2,1
62000,3,4,1
63000,1,3,1
64000,1,4,0
65000,2,4,1
66000,1,4,1
67000,1,3,1
68000,2,3,1
69000,3,4,1
70000,1,2,1
71000,1,2,1
72000,3,4,1
73000,2,4,1
74000,3,4,1
75000,2,3,1
76000,1,2,1
77000,1,4,1
78000,1,3,1
79000,1,3,1
80000,1,2,1
81000,1,4,1
82000,2,4,1
83000,1,2,1
84000,1,4,1
85000,2,3,1
86000,1,4,1
87000,1,4,1
88000,1,4,1
89000,1,3,1
90000,2,3,1
91000,2,4,1
92000,3,4,1
93000,1,4,1
94000,2,4,1
95000,2,3,1
96000,3,4,1
97000,2,4,1
98000,1,2,1
99000,2,4,1
100000,1,2,1
101000,3,4,1
102000,3,4,0
103000,1,2,1
104000,2,4,1
105000,2,4,1
106000,2,3,1
107000,1,2,1
108000,2,4,1
109000,1,4,1
110000,2,3,1
111000,1,2,1
112000,3,4,1
113000,1,2,1
114000,3,4,1
115000,2,3,0
116000,2,4,1
117000,3,4,1
118000,1,3,1
119000,2,4,1
120000,2,3,1
121000,1,3,1
122000,2,3,1
123000,1,4,1
124000,2,4,1
125000,1,2,1
126000,1,4,1
127000,3,4,1
128000,2,3,1
129000,2,3,1
130000,1,4,1
131000,2,3,1
132000,3,4,1
133000,2,3,1
134000,1,3,1
135000,1,3,1
136000,3,4,1
137000,1,4,1
138000,2,4,1
139000,1,2,1
140000,3,4,1
141000,2,4,1
142000,1,2,1
143000,3,4,1
144000,1,3,1
145000,1,2,1
146000,3,4,1
147000,1,2,1
148000,1,3,1
149000,2,3,1
150000,3,4,1
151000,1,2,1
152000,1,2,1
153000,1,3,1
154000,2,4,1
155000,1,4,1
156000,1,2,1
157000,1,2,1
158000,1,4,1
159000,2,3,0
160000,2,3,1
161000,1,4,0
162000,2,4,1
163000,1,3,1
164000,1,3,1
165000,2,4,0
166000,1,4,1
167000,2,3,1
168000,2,3,1
169000,2,4,1
170000,2,4,1
171000,1,3,1
172000,3,4,1
173000,1,3,1
174000,3,4,1
175000,2,3,1
176000,1,3,1
177000,2,4,1
178000,2,4,1
179000,1,4,1
180000,3,4,1
181000,1,4,1
182000,1,3,1
183000,3,4,1
184000,3,4,1
185000,1,2,1
186000,1,4,1
187000,1,2,1
188000,1,3,1
189000,1,2,1
190000,2,4,1
191000,1,2,1
192000,1,2,1
193000,1,2,1
194000,2,3,1
195000,1,4,1
196000,3,4,1
197000,1,2,1
198000,1,3,1
199000,1,4,1
200000,1,4,1
201000,1,4,1
202000,2,3,1
203000,1,3,1
204000,1,3,1
205000,2,3,1
206000,2,4,1
207000,1,4,1
208000,3,4,1
209000,2,4,1
210000,1,2,1
211000,3,4,1
212000,2,4,1
213000,2,3,1
214000,2,3,1
215000,3,4,1
216000,1,2,1
217000,3,4,1
218000,2,3,1
219000,1,3,1
220000,2,3,1
221000,1,2,1
222000,2,4,1
223000,2,3,1
224000,1,4,0
225000,1,4,1
226000,3,4,1
227000,3,4,1
228000,3,4,1
229000,1,4,1
230000,2,3,1
231000,1,2,1
232000,1,2,0
233000,3,4,1
234000,2,3,1
235000,1,2,1
236000,2,4,1
237000,1,2,1
238000,3,4,1
239000,1,4,1
240000,2,4,1
241000,1,3,1
242000,1,3,1
243000,2,3,1
244000,2,4,1
245000,2,4,1
246000,2,4,0
247000,1,3,1
248000,1,2,1
249000,1,2,1
250000,1,2,1
251000,1,4,1
252000,1,3,1
253000,1,4,1
254000,3,4,1
255000,1,4,1
256000,1,4,1
257000,1,4,1
258000,2,4,1
259000,2,3,1
260000,1,2,1
261000,1,4,1
262000,2,3,1
263000,1,3,1
264000,3,4,1
265000,1,3,1
266000,2,3,1
267000,1,4,1
268000,2,4,1
269000,2,4,1
270000,1,3,0
271000,1,4,0
272000,3,4,1
273000,1,3,1
274000,2,4,0
275000,2,4,1
276000,2,3,1
277000,2,3,1
278000,3,4,1
279000,3,4,1
280000,1,2,1
281000,1,2,1
282000,1,3,1
283000,3,4,1
284000,3,4,1
285000,1,4,1
286000,2,4,1
287000,3,4,1
288000,3,4,1
289000,1,2,1
290000,2,3,1
291000,1,3,1
292000,1,4,1
293000,1,4,1
294000,1,2,1
295000,1,3,1
296000,3,4,1
297000,1,2,1
298000,2,4,1
299000,1,2,1
300000,2,3,1
301000,1,2,1
302000,3,4,1
303000,2,3,1
304000,2,4,1
305000,3,4,1
306000,1,4,1
307000,1,3,1
308000,1,4,1
309000,1,3,1
310000,1,2,1
311000,1,4,1
312000,1,3,1
313000,3,4,1
314000,3,4,1
315000,1,3,1
316000,2,3,1
317000,1,3,1
318000,2,3,1
319000,2,4,1
320000,2,3,1
321000,1,4,1
322000,2,4,1
323000,1,2,1
324000,1,4,1
325000,1,4,1
326000,2,4,1
327000,2,4,1
328000,3,4,1
329000,1,2,1
330000,1,2,1
331000,2,4,1
332000,3,4,1
333000,1,4,1
334000,2,3,1
335000,1,4,1
336000,1,3,1
337000,2,4,1
338000,1,4,0
339000,1,3,1
340000,2,4,1
341000,1,3,1
342000,1,4,0
343000,3,4,1
344000,1,2,0
345000,1,4,1
346000,1,3,1
347000,1,3,1
348000,2,4,1
349000,2,3,1
350000,2,3,1
351000,2,4,1
352000,2,3,1
353000,1,2,1
354000,1,2,1
355000,2,3,1
356000,2,3,1
357000,2,3,1
358000,2,3,1
359000,1,3,1
360000,1,2,1
361000,3,4,1
362000,3,4,1
363000,2,4,1
364000,2,3,1
365000,2,4,1
366000,2,4,1
367000,1,2,1
368000,3,4,1
369000,2,3,1
370000,1,2,1
371000,2,4,1
372000,1,4,1
373000,2,3,1
374000,1,2,1
375000,2,3,1
376000,1,3,1
377000,2,3,1
378000,2,3,1
379000,2,3,1
380000,2,3,1
381000,1,4,1
382000,1,2,1
383000,2,4,1
384000,1,4,1
385000,1,3,1
386000,1,4,1
387000,2,3,1
388000,1,2,1
389000,1,3,1
390000,2,3,1
391000,3,4,1
392000,3,4,1
393000,2,4,1
394000,1,3,1
395000,2,3,1
396000,1,3,1
397000,2,3,1
398000,1,2,1
399000,3,4,1
400000,1,3,1
401000,1,4,1
402000,1,2,1
403000,2,3,1
404000,3,4,1
405000,2,4,1
406000,3,4,1
407000,3,4,1
408000,3,4,1
409000,2,4,1
410000,1,3,1
411000,1,2,1
412000,2,4,1
413000,2,3,1
414000,2,3,1
415000,2,3,1
416000,1,3,1
417000,2,4,1
418000,2,3,1
419000,1,2,1
420000,1,4,0
421000,2,3,1
422000,1,3,1
423000,1,3,1
424000,2,3,1
425000,1,2,1
426000,1,4,1
427000,2,3,1
428000,1,4,1
429000,3,4,1
430000,1,2,1
431000,1,2,1
432000,1,2,1
433000,1,2,1
434000,1,4,1
435000,2,3,1
436000,2,4,1
437000,2,4,1
438000,2,4,1
439000,1,4,1
440000,2,3,1
441000,3,4,1
442000,3,4,1
443000,1,4,1
444000,2,4,1
445000,1,4,0
446000,1,4,0
447000,2,4,1
448000,1,3,1
449000,2,4,0
450000,2,4,1
451000,1,3,1
452000,2,4,1
453000,2,3,1
454000,3,4,1
455000,3,4,1
456000,3,4,1
457000,2,3,1
458000,2,3,1
459000,2,3,1
460000,1,4,1
461000,2,4,1
462000,2,4,0
463000,1,2,1
464000,2,4,1
465000,2,3,1
466000,2,3,1
467000,3,4,1
468000,2,4,1
469000,1,2,1
470000,3,4,1
471000,1,3,1
472000,1,4,1
473000,3,4,1
474000,2,3,1
475000,3,4,1
476000,1,3,1
477000,1,2,1
478000,2,4,1
479000,1,4,1
480000,3,4,1
481000,1,4,1
482000,2,3,1
483000,2,4,1
484000,1,3,1
485000,2,4,1
486000,1,4,1
487000,1,3,1
488000,1,4,1
489000,2,4,1
490000,2,3,1
491000,1,2,1
492000,1,4,1
493000,2,3,1
494000,2,3,1
495000,1,3,1
496000,3,4,1
497000,2,3,1
498000,3,4,1
499000,1,4,1
500000,3,4,1
501000,3,4,1
502000,2,4,1
503000,3,4,1
504000,1,3,1
505000,3,4,1
506000,2,3,1
507000,1,4,0
508000,2,4,0
509000,2,4,1
510000,1,2,1
511000,1,4,1
512000,2,3,1
513000,1,2,1
514000,3,4,1
515000,3,4,1
516000,1,2,1
517000,2,3,1
518000,3,4,1
519000,3,4,1
520000,1,3,1
521000,1,4,1
522000,1,4,1
523000,3,4,1
524000,2,3,1
525000,3,4,1
526000,2,4,1
527000,1,4,1
528000,2,4,1
529000,1,2,1
530000,2,4,1
531000,1,2,1
532000,3,4,1
533000,2,3,1
534000,2,3,1
535000,3,4,1
536000,1,4,1
537000,1,4,0
538000,2,3,1
539000,1,3,1
540000,1,2,1
541000,1,3,1
542000,3,4,1
543000,1,4,1
544000,2,4,1
545000,2,4,1
546000,1,2,1
547000,3,4,1
548000,2,4,1
549000,1,3,1
550000,3,4,1
551000,1,4,1
552000,2,4,1
553000,3,4,1
554000,1,2,1
555000,1,2,1
556000,1,4,1
557000,3,4,1
558000,2,3,1
559000,2,3,1
560000,1,3,1
561000,3,4,1
562000,1,4,1
563000,2,4,1
564000,3,4,1
565000,3,4,1
566000,1,3,1
567000,1,4,1
568000,1,4,1
569000,2,4,1
570000,3,4,1
571000,2,4,1
572000,1,4,1
573000,2,3,1
574000,1,2,1
575000,2,4,1
576000,3,4,1
577000,2,4,1
578000,1,2,1
579000,3,4,1
580000,3,4,1
581000,2,3,1
582000,3,4,1
583000,1,4,1
584000,1,4,1
585000,3,4,1
586000,2,3,1
587000,1,4,1
588000,1,2,1
589000,1,2,1
590000,3,4,1
591000,3,4,1
592000,3,4,1
593000,1,3,0
594000,1,4,1
595000,1,4,1
596000,2,4,1
597000,3,4,1
598000,1,4,1
599000,1,3,1
600000,3,4,1
601000,2,3,1
602000,1,4,1
603000,3,4,1
604000,2,3,1
605000,1,2,1
606000,2,3,1
607000,1,3,1
608000,2,3,1
609000,3,4,1
610000,3,4,1
611000,2,3,1
612000,1,3,1
613000,2,4,1
614000,2,3,1
615000,2,4,1
616000,2,3,1
617000,2,4,1
618000,2,3,1
619000,1,3,1
620000,1,2,1
621000,2,3,1
622000,1,4,1
623000,2,4,0
624000,2,3,1
625000,2,3,1
626000,1,4,1
627000,1,2,1
628000,1,3,1
629000,1,3,1
630000,1,2,1
631000,3,4,1
632000,1,3,1
633000,2,4,1
634000,3,4,1
635000,1,2,1
636000,1,3,1
637000,1,4,1
638000,2,3,1
639000,2,4,1
640000,3,4,0
641000,1,2,1
642000,2,3,1
643000,1,3,1
644000,1,4,1
645000,1,2,1
646000,1,3,1
647000,1,4,1
648000,2,3,1
649000,1,2,1
650000,1,3,1
651000,2,3,1
652000,1,4,1
653000,2,3,1
654000,3,4,1
655000,1,4,0
656000,1,2,1
657000,1,2,1
658000,3,4,1
659000,1,2,1
660000,3,4,1
661000,1,2,1
662000,1,2,1
663000,3,4,1
664000,1,2,1
665000,1,2,1
666000,3,4,1
667000,1,2,1
668000,2,3,1
669000,1,3,1
670000,2,4,1
671000,2,4,1
672000,1,3,1
673000,2,4,1
674000,1,3,1
675000,1,2,1
676000,3,4,1
677000,1,4,1
678000,1,4,1
679000,3,4,1
680000,2,4,0
681000,1,4,1
682000,3,4,1
683000,3,4,1
684000,1,4,1
685000,1,2,1
686000,2,4,1
687000,1,3,1
688000,2,3,1
689000,1,4,1
690000,1,2,1
691000,2,3,1
692000,1,2,1
693000,3,4,1
694000,1,2,1
695000,1,4,1
696000,2,3,1
697000,2,4,1
698000,3,4,1
699000,3,4,1
700000,1,3,1
701000,3,4,1
702000,2,4,1
703000,1,4,1
704000,2,4,1
705000,2,4,1
706000,3,4,1
707000,1,2,1
708000,1,4,1
709000,1,2,1
710000,2,3,1
711000,2,3,1
712000,1,2,1
713000,1,2,1
714000,1,2,1
715000,2,3,1
716000,1,2,1
717000,3,4,1
718000,2,4,1
719000,2,4,1
720000,2,3,1
721000,3,4,1
722000,2,4,1
723000,1,3,1
724000,2,3,1
725000,3,4,1
726000,2,4,1
727000,1,2,1
728000,2,4,1
729000,2,3,0
730000,1,3,1
731000,1,4,1
732000,1,2,1
733000,1,2,1
734000,1,4,1
735000,1,3,1
736000,2,4,1
737000,2,4,1
738000,2,3,1
739000,2,3,1
740000,2,3,1
741000,2,4,1
742000,2,3,1
743000,1,2,1
744000,2,3,1
745000,1,2,1
746000,1,2,1
747000,2,3,1
748000,1,2,1
749000,1,3,1
750000,1,2,1
751000,2,4,0
752000,3,4,1
753000,1,2,1
754000,2,4,1
755000,1,4,1
756000,2,4,1
757000,1,3,1
758000,3,4,1
759000,2,3,1
760000,3,4,1
761000,2,3,1
762000,1,3,1
763000,2,3,1
764000,3,4,1
765000,1,4,1
766000,2,4,1
767000,1,2,1
768000,2,3,1
769000,3,4,1
770000,1,4,1
771000,1,4,1
772000,1,3,1
773000,2,3,1
774000,3,4,1
775000,1,4,1
776000,1,3,1
777000,3,4,1
778000,2,3,1
779000,2,4,1
780000,1,2,1
781000,2,3,1
782000,3,4,1
783000,1,3,1
784000,3,4,1
785000,2,4,1
786000,3,4,1
787000,3,4,1
788000,1,2,1
789000,1,4,1
790000,1,3,1
791000,2,4,1
792000,2,3,1
793000,2,3,1
794000,3,4,1
795000,2,4,1
796000,1,3,1
797000,1,3,1
798000,2,4,1
799000,1,4,1
800000,2,4,1
801000,1,4,1
802000,1,4,1
803000,2,4,1
804000,2,3,1
805000,1,2,1
806000,2,4,1
807000,2,3,1
808000,1,3,1
809000,1,2,1
810000,3,4,1
811000,1,3,1
812000,3,4,1
813000,1,3,1
814000,1,3,1
815000,2,3,1
816000,2,4,1
817000,1,4,1
818000,1,3,0
819000,2,3,1
820000,2,3,1
821000,2,3,1
822000,2,3,1
823000,1,4,1
824000,2,3,1
825000,2,4,1
826000,1,4,1
827000,1,3,1
828000,3,4,1
829000,1,2,1
830000,2,3,1
831000,2,4,1
832000,3,4,1
833000,2,3,1
834000,1,4,1
835000,3,4,1
836000,1,4,1
837000,2,3,1
838000,1,3,1
839000,2,3,1
840000,2,3,1
841000,1,4,1
842000,3,4,0
843000,1,3,1
844000,1,2,1
845000,2,3,1
846000,1,3,1
847000,1,4,1
848000,1,4,1
849000,1,2,1
850000,2,4,1
851000,2,4,1
852000,1,2,1
853000,1,4,0
854000,1,2,1
855000,2,3,1
856000,1,2,1
857000,2,4,1
858000,1,2,1
859000,1,2,1
860000,2,3,1
861000,2,3,1
862000,1,3,1
863000,2,4,1
864000,3,4,1
865000,1,4,1
866000,1,3,1
867000,1,4,1
868000,3,4,1
869000,3,4,1
870000,1,4,1
871000,1,2,1
872000,3,4,1
873000,3,4,1
874000,3,4,1
875000,2,4,1
876000,1,2,1
877000,2,4,1
878000,1,2,1
879000,1,2,1
880000,1,4,1
881000,2,4,1
882000,1,4,1
883000,1,3,1
884000,1,4,1
885000,1,4,1
886000,1,4,1
887000,3,4,1
888000,2,4,1
889000,3,4,1
890000,1,4,1
891000,1,4,1
892000,2,3,1
893000,2,3,1
894000,1,4,1
895000,1,2,1
896000,3,4,1
897000,2,4,1
898000,1,2,1
899000,2,3,1
900000,1,4,1
901000,3,4,1
902000,1,2,1
903000,1,2,1
904000,3,4,1
905000,1,3,1
906000,1,4,1
907000,1,3,1
908000,2,3,1
909000,1,2,1
910000,3,4,1
911000,3,4,1
912000,3,4,1
913000,2,4,1
914000,1,3,1
915000,1,3,1
916000,3,4,1
917000,1,3,1
918000,1,4,1
919000,1,4,1
920000,1,4,1
921000,2,3,1
922000,3,4,1
923000,3,4,1
924000,1,3,1
925000,1,3,1
926000,3,4,1
927000,2,4,1
928000,1,4,1
929000,2,4,1
930000,1,4,1
931000,1,2,1
932000,2,4,1
933000,2,3,1
934000,1,4,1
935000,1,4,1
936000,2,4,1
937000,2,4,1
938000,3,4,1
939000,1,3,1
940000,1,3,1
941000,3,4,1
942000,1,4,1
943000,2,4,1
944000,2,4,1
945000,2,3,1
946000,1,4,1
947000,2,3,1
948000,3,4,1
949000,3,4,1
950000,1,4,1
951000,2,4,1
952000,1,2,1
953000,1,2,1
954000,2,4,1
955000,2,3,1
956000,1,4,1
957000,1,2,1
958000,1,2,1
959000,2,3,1
960000,1,3,1
961000,2,4,1
962000,2,4,1
963000,2,4,1
964000,1,4,1
965000,1,4,1
966000,1,4,1
967000,2,4,1
968000,1,2,1
969000,1,4,1
970000,2,4,1
971000,2,4,1
972000,1,2,1
973000,2,3,1
974000,1,3,1
975000,1,2,1
976000,1,4,1
977000,2,4,1
978000,3,4,1
979000,3,4,1
980000,1,3,1
981000,2,3,1
982000,1,3,1
983000,1,3,1
984000,1,4,1
985000,1,4,1
986000,2,4,1
987000,2,3,1
988000,3,4,1
989000,1,2,1
990000,1,3,1
991000,1,4,1
992000,3,4,1
993000,1,3,1
994000,1,2,1
995000,3,4,1
996000,3,4,1
997000,1,3,1
998000,3,4,1
999000,1,4,1
1000000,3,4,1
