generation,N_shifts,logPrior,logLik,eventRate,acceptRate
0,0,1.64296,-276.884,1,0
500,0,2.00859,-280.275,0.450939,0.332
1000,0,2.40394,-279.703,0.0385222,0.311
1500,0,0.893008,-278.713,1.67955,0.33
2000,0,2.47011,-277.761,0.0275523,0.345
2500,0,0.918328,-277.784,0.416661,0.336
3000,0,0.898197,-278.118,1.03057,0.345
3500,0,1.24499,-277.394,1.17561,0.326
4000,0,2.24322,-278.719,0.328911,0.31917
4500,1,3.5806,-267.589,0.629461,0.394
5000,1,3.82871,-265.456,0.915306,0.35233
5500,1,1.29683,-264.059,0.713,0.472
6000,1,3.25465,-266.246,0.713467,0.361606
6500,1,2.74299,-267.302,1.45544,0.462
7000,2,4.05177,-265.314,0.512065,0.474
7500,1,2.6612,-267.868,0.588888,0.506
8000,1,3.43757,-268.103,0.45691,0.4354
8500,1,3.87828,-267.079,0.647944,0.448
9000,1,1.19187,-265.203,0.719498,0.452
9500,1,2.75013,-267.17,0.506515,0.438
10000,1,0.645631,-264.825,0.648973,0.454
10500,1,-1.08346,-266.046,0.758263,0.432
11000,2,-0.156534,-261.945,1.21831,0.457
11500,1,3.18122,-266.65,0.345273,0.478
12000,1,1.43341,-268.813,1.88801,0.474
12500,1,1.08014,-265.419,0.558148,0.422
13000,1,2.95167,-265.113,0.780016,0.462
13500,1,-0.713424,-268.301,2.6347,0.494
14000,1,0.756003,-267.868,2.21064,0.4722
14500,1,2.22173,-269.255,2.36321,0.462
15000,1,3.82901,-268.002,1.0999,0.4725
15500,1,-1.46021,-264.066,1.47412,0.504
16000,1,-1.101,-266.345,3.79596,0.466182
16500,1,1.72811,-266.225,1.20275,0.452
17000,1,0.0971476,-267.095,0.72881,0.472
17500,1,2.39217,-267.705,1.32686,0.478
18000,1,1.47334,-266.704,1.54118,0.471
18500,1,1.71931,-272.385,1.93039,0.484
19000,1,1.32973,-273.042,1.13654,0.466
19500,1,2.71348,-270.107,0.987094,0.418
20000,1,2.33413,-272.86,1.23996,0.437
20500,1,2.97181,-267.527,0.887263,0.494
21000,1,3.88706,-266.067,0.259071,0.484
21500,1,3.77567,-268.377,0.879859,0.464
22000,1,3.66689,-268.863,0.909015,0.4728
22500,1,3.98794,-270.72,0.701584,0.472
23000,1,3.93145,-272.673,0.452549,0.4705
23500,1,3.59209,-268.851,0.530535,0.468
24000,1,1.2978,-268.985,0.866297,0.464
24500,1,1.94001,-270.202,0.50176,0.474
25000,1,2.96651,-269.096,0.59451,0.483
25500,1,3.32732,-267.866,0.111998,0.45
26000,1,3.2044,-268.762,1.31122,0.47125
26500,1,1.6742,-268.344,1.10299,0.498
27000,1,2.75276,-268.838,0.389123,0.473364
27500,1,3.1493,-268.228,0.919745,0.494
28000,1,2.92464,-269.157,0.592223,0.481
28500,1,3.00952,-269.028,0.609087,0.484
29000,1,2.97013,-268.354,0.927609,0.484667
29500,1,2.11139,-270.377,0.396706,0.466
30000,1,2.94497,-266.438,1.60145,0.479
30500,1,3.27542,-267.93,0.542529,0.53
31000,1,0.978965,-265.041,1.00335,0.474167
31500,1,4.30818,-266.403,0.173245,0.536
32000,1,1.28865,-266.803,2.50768,0.49
32500,2,2.02669,-269.002,2.20841,0.496
33000,1,0.00432626,-266.127,3.9063,0.476
33500,1,3.97536,-266.638,0.979775,0.472
34000,1,3.83515,-267.328,0.8325,0.472
34500,1,3.25342,-268.874,0.65289,0.478
35000,1,-0.470546,-267.01,4.66068,0.4748
35500,1,3.01632,-266.136,1.74151,0.484
36000,1,4.39609,-267.815,0.192055,0.488125
36500,1,3.29552,-266.504,1.26931,0.492
37000,1,2.95568,-266.945,1.82094,0.478
37500,1,3.99839,-267.504,0.87748,0.486
38000,1,2.04821,-268.706,2.1527,0.487
38500,1,2.58178,-273.352,1.36366,0.46
39000,1,1.44054,-267.327,1.05701,0.47525
39500,1,3.18667,-266.596,0.188681,0.494
40000,1,2.33193,-267.472,1.95434,0.481
40500,2,3.05697,-266.898,0.807561,0.494
41000,1,4.48021,-266.477,0.103313,0.4755
41500,2,1.83223,-264.951,1.37669,0.492
42000,1,3.44265,-269.836,0.771366,0.51
42500,1,1.80094,-269.181,2.50396,0.49
43000,1,3.16486,-268.87,1.13068,0.49
43500,1,3.07956,-266.792,1.46579,0.502
44000,1,2.35931,-272.993,1.24084,0.42
44500,1,2.51975,-266.929,1.90736,0.458
45000,1,3.27961,-266.345,1.24931,0.474
45500,1,1.67141,-269.488,0.525069,0.49
46000,1,-0.761482,-269.114,3.94052,0.482
46500,1,3.78877,-267.521,0.312746,0.528
47000,1,3.66451,-266.618,0.942097,0.513
47500,2,4.43254,-266.303,1.65495,0.476
48000,1,1.4148,-270.939,1.62417,0.493
48500,1,1.22411,-270.747,0.357286,0.438
49000,1,1.64474,-271.713,0.404368,0.435
49500,1,1.90691,-271.085,0.742471,0.408
50000,1,1.41705,-266.707,1.11113,0.472
50500,1,1.23448,-271.558,0.716527,0.476
51000,1,-0.653506,-267.287,1.30354,0.472818
51500,1,3.35838,-269.049,0.388657,0.478
52000,1,3.31504,-268.112,0.313658,0.497
52500,1,2.04213,-267.548,0.767554,0.482
53000,1,0.764737,-265.194,0.534211,0.472
53500,2,5.28723,-269.745,0.738552,0.482
54000,1,3.57382,-268.274,0.28741,0.478
54500,1,3.90598,-266.201,0.742887,0.484
55000,1,2.19955,-268.644,1.14154,0.484
55500,1,2.23085,-269.654,2.07275,0.472
56000,1,0.862829,-266.472,0.783896,0.468
56500,2,4.0099,-265.473,1.34784,0.5
57000,1,2.08795,-268.153,1.23829,0.473714
57500,1,3.40502,-268.29,0.12221,0.482
58000,1,3.50285,-265.955,0.464522,0.494
58500,1,3.98718,-269.319,0.367628,0.49
59000,1,3.16854,-269.242,0.535965,0.495
59500,1,0.97728,-267.455,0.690834,0.454
60000,1,1.19944,-266.13,0.979973,0.462
60500,1,1.62657,-265.522,0.947994,0.472
61000,1,3.23401,-268.553,1.08347,0.4824
61500,1,-2.51408,-265.988,0.659549,0.528
62000,1,2.64599,-265.579,0.68622,0.495
62500,1,3.22522,-265.02,0.398682,0.45
63000,1,2.95772,-266.357,1.07319,0.478857
63500,1,3.44755,-267.297,0.944475,0.49
64000,1,4.58809,-266.444,0.236293,0.477
64500,2,4.36629,-266.685,1.97858,0.502
65000,1,4.57809,-268.221,0.217388,0.511
65500,1,3.87007,-268.12,0.590699,0.53
66000,2,5.61577,-275.648,1.33032,0.478833
66500,2,0.380297,-264.015,3.36258,0.576
67000,2,3.83153,-262.437,0.760922,0.49
67500,2,0.906631,-265.694,1.14966,0.516
68000,1,2.93876,-268.279,0.168942,0.498
68500,1,1.69117,-267.976,2.07998,0.478
69000,1,3.51336,-270.922,0.672339,0.458
69500,1,-1.06079,-268.094,1.56052,0.46
70000,1,3.16338,-269.578,0.974199,0.48975
70500,1,2.71587,-267.082,0.396306,0.526
71000,1,4.0525,-267.433,0.354768,0.4875
71500,1,3.76423,-265.93,0.648137,0.494
72000,1,3.82617,-268.271,0.394282,0.486
72500,1,-3.12855,-269.373,2.02241,0.482
73000,1,2.81593,-268.087,0.891706,0.469
73500,1,2.42972,-267.265,1.28846,0.54
74000,2,3.8705,-264.715,0.826206,0.519
74500,1,2.43587,-266.312,1.50472,0.518
75000,1,2.38598,-265.58,0.944877,0.495
75500,1,1.01685,-266.469,0.965249,0.484
76000,1,3.08778,-268.712,1.30525,0.495
76500,1,3.36048,-265.929,1.34424,0.488
77000,1,2.85311,-265.869,0.989148,0.479786
77500,2,4.09849,-266.814,0.726412,0.446
78000,1,2.44904,-267.109,0.985582,0.492462
78500,1,1.99855,-270.198,1.47897,0.466
79000,1,0.60729,-268.004,0.637571,0.4455
79500,1,-0.0573546,-271.779,2.31227,0.49
80000,1,3.31896,-267.144,0.561434,0.4868
80500,1,3.13461,-266.554,0.781472,0.516
81000,1,2.39165,-266.012,1.84338,0.486
81500,1,0.656099,-270.06,0.453246,0.46
82000,1,2.61122,-268.912,0.590279,0.439
82500,1,2.00307,-267.947,1.58993,0.468
83000,1,1.77186,-272.799,0.547966,0.472
83500,1,0.952188,-269.257,3.0045,0.452
84000,1,0.240637,-270.413,2.50258,0.4776
84500,1,1.65671,-270.087,1.42407,0.49
85000,1,3.1322,-270.387,0.20961,0.484
85500,1,1.76282,-270.294,1.36197,0.47
86000,1,1.08639,-267.452,0.990989,0.471667
86500,1,0.613942,-270.15,0.893129,0.462
87000,1,1.35505,-270.152,0.548314,0.4715
87500,1,1.41071,-266.992,1.5195,0.462
88000,1,4.71172,-266.927,0.203099,0.481
88500,1,0.114869,-268.153,2.21182,0.48
89000,1,-3.90538,-268.759,1.81371,0.470429
89500,1,-0.1094,-267.462,1.27786,0.494
90000,1,-0.953352,-266.674,1.01379,0.499
90500,1,0.807123,-267.978,1.33215,0.444
91000,1,1.67447,-266.311,0.575823,0.458
91500,1,2.3714,-266.121,0.608696,0.494
92000,1,2.90051,-266.765,0.722634,0.484
92500,1,2.66994,-265.993,0.842578,0.454
93000,1,-1.34286,-267.254,0.856473,0.4696
93500,1,2.42049,-266.167,1.39704,0.442
94000,1,1.05298,-269.927,0.185066,0.461
94500,1,3.00953,-268.14,0.346246,0.494
95000,1,3.70922,-266.755,0.231191,0.482
95500,1,3.57524,-269.561,0.464698,0.464
96000,1,1.42514,-271.985,0.62845,0.455
96500,1,-1.32221,-263.277,0.391624,0.44
97000,1,1.51672,-266.854,1.70804,0.454
97500,1,2.1234,-268.139,1.71767,0.492
98000,1,3.11027,-264.947,0.317567,0.4675
98500,1,1.88077,-265.947,1.40857,0.414
99000,1,2.59473,-267.268,0.689372,0.44
99500,1,3.38467,-268.073,0.215462,0.486
100000,1,0.647805,-268.219,1.02015,0.477917
100500,1,3.64162,-269.38,0.536594,0.472
101000,1,3.82392,-266.333,0.917945,0.478
101500,1,2.73794,-269.577,1.52489,0.51
102000,1,2.28845,-268.886,2.40277,0.49
102500,1,1.31287,-268.689,1.653,0.49
103000,2,1.73791,-265.68,0.863768,0.483
103500,1,0.704027,-266.462,1.37716,0.464
104000,1,-1.11848,-266.728,0.617539,0.455
104500,1,2.47723,-266.662,2.15074,0.46
105000,2,3.68701,-263.183,0.891658,0.472
105500,2,3.25066,-265.761,0.687373,0.516
106000,1,2.34572,-264.963,0.311213,0.498
106500,1,4.11778,-267.72,0.439192,0.492
107000,2,2.81909,-265.356,1.1986,0.4834
107500,3,-0.61962,-268.368,3.90433,0.538
108000,1,0.541059,-264.576,1.49228,0.502
108500,1,3.7078,-264.321,0.821731,0.462
109000,1,2.1453,-266.789,1.0716,0.490333
109500,1,4.03054,-263.906,0.0370266,0.446
110000,1,3.29893,-268.123,1.18356,0.457
110500,1,3.58977,-267.122,0.444361,0.502
111000,1,2.08491,-267.408,0.723352,0.479556
111500,1,3.44077,-267.773,0.257266,0.46
112000,1,3.5417,-266.896,0.784571,0.467
112500,2,1.48699,-266.985,1.45845,0.464
113000,1,-0.0685274,-268.229,3.54116,0.471333
113500,1,3.49121,-267.861,0.291693,0.466
114000,1,1.55046,-266.317,2.35955,0.476
114500,1,1.45867,-267.435,1.45503,0.538
115000,1,2.33424,-267.886,0.879494,0.516
115500,1,1.76733,-272.391,2.46548,0.46
116000,1,1.67798,-266.721,2.08525,0.449
116500,1,3.88181,-268.728,0.205506,0.466
117000,1,3.63731,-266.259,0.591485,0.481
117500,1,2.79375,-267.307,1.11568,0.462
118000,1,2.84952,-265.7,0.26238,0.476167
118500,1,1.62738,-270.937,0.703002,0.424
119000,2,3.05871,-268.083,2.04829,0.452
119500,1,3.07263,-265.943,0.827073,0.482
120000,1,1.15309,-266.456,3.3389,0.483
120500,1,3.61988,-272.883,0.795809,0.446
121000,1,-1.77965,-266.399,2.11452,0.479441
121500,1,3.49427,-269.409,0.97787,0.526
122000,1,3.96988,-267.784,0.245129,0.522
122500,1,2.37986,-264.685,1.32717,0.52
123000,1,2.0272,-269.172,1.53424,0.485067
123500,1,2.37438,-269.006,2.3098,0.484
124000,1,2.88945,-271.358,1.5024,0.479
124500,1,4.02113,-269.751,0.685885,0.49
125000,1,3.62628,-267.667,0.598192,0.486667
125500,1,3.90444,-267.224,0.990123,0.472
126000,0,2.08665,-277.969,0.000112052,0.44
126500,0,1.84401,-279.118,0.372657,0.364
127000,0,1.80812,-278.185,0.759835,0.348
127500,0,1.869,-277.159,0.587548,0.35
128000,0,2.25888,-277.614,0.174188,0.316
128500,0,1.58033,-279.487,0.00465889,0.264
129000,0,1.43899,-279.087,0.364625,0.264
129500,0,1.76486,-277.619,0.41821,0.332
130000,0,1.11868,-278.412,0.744196,0.416385
130500,0,2.2255,-277.161,0.361753,0.332
131000,0,2.33276,-277.577,0.175812,0.322
131500,0,1.96043,-278.917,0.281133,0.336
132000,0,0.454772,-277.668,0.077829,0.335
132500,0,2.50414,-277.555,0.0546799,0.37
133000,0,2.448,-277.634,0.227794,0.347
133500,0,2.1495,-277.582,0.366476,0.364
134000,1,1.29536,-266.503,0.850537,0.493889
134500,1,2.03323,-265.528,0.917355,0.484
135000,0,2.11145,-278.415,0.0756658,0.3235
135500,0,2.26022,-278.128,0.237548,0.332
136000,1,2.67668,-275.991,0.247289,0.337
136500,0,1.9178,-278.749,0.688298,0.306
137000,1,3.89036,-268.182,0.460714,0.491333
137500,1,3.16319,-265.253,0.149993,0.466
138000,1,-0.416806,-269.494,1.27172,0.508
138500,1,4.1562,-265.247,0.0896144,0.488
139000,1,3.38905,-267.498,0.768436,0.373333
139500,1,3.41579,-271.302,0.661449,0.518
140000,1,4.08568,-266.063,0.3944,0.534
140500,1,3.23148,-267.536,0.872331,0.474
141000,1,3.61173,-266.419,1.29485,0.489
141500,1,2.74818,-266.985,1.09734,0.494
142000,1,3.89233,-268.988,0.413635,0.487444
142500,1,2.59763,-270.917,1.20247,0.47
143000,1,4.04584,-266.79,0.0959047,0.47
143500,1,2.9189,-267.782,0.576158,0.466
144000,1,3.71642,-265.43,0.70525,0.481667
144500,1,3.46347,-264.594,0.60403,0.494
145000,2,2.29611,-265.177,1.04233,0.4865
145500,1,3.78965,-265.446,0.441026,0.436
146000,1,2.10687,-267.226,1.24419,0.485
146500,2,3.9684,-267.772,2.48563,0.51
147000,1,3.46412,-268.084,0.738516,0.508333
147500,1,4.03649,-271.866,0.927968,0.506
148000,0,1.61224,-278.695,0.480267,0.301737
148500,0,1.77927,-277.77,0.578347,0.308
149000,0,2.04106,-280.094,0.253941,0.289
149500,0,1.95828,-278.135,0.113289,0.27
150000,0,2.12619,-278.057,0.0371882,0.273
150500,0,1.56393,-279.687,0.474592,0.304
151000,1,1.19639,-269.557,3.42827,0.49375
151500,1,4.01458,-268.147,0.185035,0.486
152000,0,1.50263,-279.212,0.39147,0.2735
152500,0,1.62781,-279.038,0.417079,0.282
153000,3,-2.12352,-262.164,2.10902,0.4915
153500,2,0.250062,-264.699,2.15413,0.508
154000,1,2.31258,-267.739,0.379641,0.516
154500,1,3.87278,-272.305,0.162684,0.444
155000,1,1.62352,-272.045,0.928833,0.48375
155500,1,2.23258,-274.105,1.4549,0.494
156000,1,2.68373,-267.954,0.787264,0.4885
156500,1,2.88203,-268.556,0.449947,0.426
157000,1,3.48164,-271.178,0.487034,0.4745
157500,1,3.83039,-272.034,0.567516,0.534
158000,1,1.9667,-269.556,1.07531,0.48925
158500,1,3.18451,-271.313,0.265713,0.452
159000,1,3.44776,-267.289,0.302238,0.46
159500,1,2.47254,-268.667,1.42609,0.466
160000,1,-0.0970617,-267.937,2.34645,0.442
160500,1,1.29594,-268.135,1.16339,0.434
161000,1,3.02318,-266.734,1.5085,0.474
161500,1,1.52485,-266.068,2.62097,0.434
162000,1,3.50564,-266.602,1.35508,0.448
162500,1,2.96939,-271.744,1.82339,0.518
163000,0,2.07595,-278.134,0.0708654,0.388714
163500,0,0.589614,-282.202,0.705666,0.288
164000,1,4.50136,-267.875,0.264052,0.5095
164500,2,-1.37702,-262.542,2.73486,0.494
165000,1,4.02794,-269.513,0.131521,0.461
165500,1,3.49222,-267.53,0.0712138,0.45
166000,1,4.37453,-276.996,0.6084,0.289571
166500,0,2.12726,-277.342,0.341439,0.374
167000,0,1.15008,-280.439,0.613082,0.338
167500,0,1.46604,-277.775,0.64248,0.328
168000,0,2.06506,-276.921,0.553375,0.303
168500,0,1.24357,-277.751,1.13164,0.282
169000,0,2.08378,-277.674,0.254128,0.333
169500,0,1.7783,-279.076,0.0151379,0.262
170000,0,2.01887,-277.587,0.336774,0.25
170500,0,0.735414,-279.484,1.47177,0.32
171000,1,1.48361,-265.263,2.62693,0.33075
171500,1,-2.65244,-264.749,0.65419,0.484
172000,1,0.390924,-269.785,1.13901,0.472
172500,1,-0.427465,-269.243,0.569598,0.448
173000,1,3.00218,-269.945,1.18916,0.474
173500,1,4.11239,-269.198,0.271531,0.46
174000,1,4.29824,-269.456,0.84893,0.488
174500,1,2.42773,-265.576,1.39589,0.478
175000,1,-2.11146,-266.995,0.80462,0.472
175500,1,2.52371,-270.166,2.03353,0.486
176000,1,3.50137,-267.812,0.543093,0.477842
176500,1,2.14603,-265.574,1.52445,0.498
177000,1,3.95552,-266.748,0.741918,0.504
177500,1,3.68034,-266.104,0.630229,0.476
178000,1,2.00192,-267.249,0.0672825,0.482
178500,1,3.65656,-267.738,0.213211,0.45
179000,1,2.87297,-267.856,0.84001,0.469571
179500,1,3.29251,-268.607,1.08911,0.524
180000,1,3.7779,-266.683,0.721167,0.509
180500,1,4.27909,-266.491,0.185651,0.488
181000,1,3.99739,-267.802,0.217702,0.486167
181500,1,4.68916,-268.288,0.29131,0.494
182000,1,1.52979,-264.307,0.643207,0.4815
182500,1,3.32706,-268.285,1.21994,0.502
183000,1,2.7295,-270.003,1.06666,0.463
183500,2,4.24295,-265.427,2.46776,0.502
184000,2,3.91289,-263.863,2.27979,0.487
184500,1,3.53244,-266.353,0.462537,0.504
185000,1,3.36287,-267.833,0.362457,0.441067
185500,1,0.609592,-265.893,0.605131,0.44
186000,1,3.30853,-266.429,0.259151,0.472667
186500,2,3.80642,-266.036,1.56997,0.484
187000,1,2.50374,-272.009,0.895874,0.475667
187500,1,3.19012,-266.776,1.21311,0.462
188000,1,0.0773594,-265.911,1.17261,0.478857
188500,1,2.79636,-266.101,1.33674,0.482
189000,1,4.03037,-268.688,0.290761,0.491
189500,1,2.58382,-267.932,1.4944,0.468
190000,1,2.93414,-268.397,0.731074,0.465
190500,1,4.22381,-266.982,0.263216,0.476
191000,1,0.0372485,-264.705,1.73656,0.4765
191500,1,2.73351,-268.59,0.360877,0.486
192000,1,0.888766,-266.877,0.292483,0.4735
192500,1,3.31038,-271.13,0.611026,0.456
193000,1,3.3928,-268.94,0.518779,0.48
193500,1,3.22558,-268.265,0.142433,0.466
194000,1,3.34634,-267.218,1.42184,0.48
194500,1,3.40168,-266.694,1.4116,0.468
195000,1,3.65996,-268.074,0.151229,0.482571
195500,1,3.2155,-267.6,0.241538,0.434
196000,1,3.11779,-265.151,0.577006,0.474
196500,1,3.32779,-266.152,1.20509,0.476
197000,1,2.09132,-265.741,1.19698,0.4768
197500,1,0.541038,-269.677,1.49031,0.43
198000,1,1.91208,-269.756,2.05001,0.496
198500,1,3.29095,-268.198,0.844407,0.482
199000,1,3.79025,-268.008,0.628901,0.476286
199500,1,3.4042,-266.647,0.949993,0.49
200000,1,4.39071,-265.475,0.106135,0.4825
200500,1,2.68708,-265.129,0.873599,0.43
201000,1,3.16413,-267.078,0.344735,0.4725
201500,1,1.57017,-266.588,0.66672,0.44
202000,1,2.35906,-271.773,1.32827,0.463
202500,1,3.43206,-268.661,1.10285,0.52
203000,1,1.79059,-268.925,1.55254,0.463429
203500,1,3.75806,-266.571,0.509828,0.482
204000,1,3.30701,-266.84,0.0982306,0.4935
204500,1,2.71269,-265.669,1.56992,0.478
205000,1,1.63359,-265.04,1.92031,0.472
205500,1,3.34664,-267.008,1.21339,0.474
206000,1,2.12026,-267.92,2.13151,0.468
206500,1,4.00848,-265.239,0.144642,0.484
207000,1,2.75759,-267.874,1.55711,0.4955
207500,1,3.83175,-267.271,0.509908,0.462
208000,1,2.61616,-266.306,0.633028,0.473
208500,1,4.61376,-269.005,0.47125,0.47
209000,1,3.64469,-271.676,1.05951,0.493
209500,1,1.60242,-269.39,0.845598,0.536
210000,2,4.77345,-266.824,0.387322,0.474769
210500,1,4.58908,-267.977,0.247809,0.498
211000,1,-0.417827,-265.427,1.72518,0.481
211500,1,2.42553,-272.494,1.33805,0.496
212000,0,0.58056,-278.913,1.80968,0.388
212500,0,2.21152,-277.658,0.257698,0.234
213000,0,1.6725,-277.54,0.633156,0.265
213500,0,1.8559,-277.718,0.632539,0.306
214000,0,0.724008,-277.808,1.78713,0.326
214500,0,1.64792,-277.279,0.907191,0.294
215000,0,1.55956,-282.676,0.0825581,0.313
215500,0,2.50583,-279.21,0.0722908,0.332
216000,1,0.897122,-271.163,0.263539,0.4923
216500,1,2.19325,-265.286,1.43826,0.496
217000,1,3.73302,-268.483,0.140533,0.49
217500,1,3.10199,-268.692,0.352421,0.488
218000,1,1.37816,-267.404,0.671619,0.478
218500,1,0.654872,-267.26,2.10903,0.5
219000,0,1.02063,-277.992,1.56638,0.317
219500,0,2.08161,-277.22,0.484547,0.35
220000,0,1.94957,-277.822,0.666127,0.372
220500,0,2.25481,-278.124,0.293411,0.366
221000,1,1.07666,-270.201,0.603866,0.463
221500,1,1.96645,-269.495,0.730324,0.49
222000,1,2.76681,-266.573,1.3758,0.46
222500,1,3.53287,-266.12,0.979182,0.51
223000,1,0.880726,-266.052,1.60749,0.485
223500,1,2.02592,-268.804,1.80806,0.484
224000,1,3.36698,-264.471,0.540309,0.486
224500,1,3.7684,-266.598,0.735095,0.482
225000,0,1.93334,-279.816,0.0576472,0.295
225500,0,2.28173,-277.368,0.0391198,0.264
226000,0,2.10288,-277.289,0.32881,0.292
226500,0,1.63555,-278.552,0.315124,0.302
227000,0,1.74431,-278.247,0.383451,0.297
227500,0,1.76265,-278.225,0.444588,0.218
228000,0,1.81023,-278.188,0.477851,0.262
228500,0,2.40861,-279.342,0.0315766,0.32
229000,2,3.57937,-266.79,1.68627,0.4821
229500,1,1.26954,-268.341,2.26115,0.468
230000,1,2.41629,-267.86,2.00463,0.469
230500,0,0.933089,-278.911,0.696323,0.344
231000,1,3.43306,-268.753,0.891042,0.472857
231500,2,-0.307668,-265.279,2.14745,0.492
232000,2,1.12623,-270.5,1.74035,0.491
232500,2,-1.88162,-266.586,2.54262,0.452
233000,2,5.65211,-268.914,0.671454,0.466
233500,2,2.96008,-265.996,2.16333,0.5
234000,1,2.41761,-266.063,0.993564,0.494
234500,1,2.61708,-265.598,1.16363,0.482
235000,0,1.89395,-277.683,0.533927,0.325857
235500,0,1.07434,-278.584,0.957012,0.284
236000,0,2.041,-277.638,0.25963,0.268
236500,0,1.6278,-277.653,0.889953,0.266
237000,1,3.75572,-266.819,0.901276,0.48073
237500,1,2.6958,-266.877,1.56947,0.484
238000,1,2.87867,-266.959,1.35377,0.475
238500,2,-0.354131,-275.98,5.31587,0.504
239000,0,1.83936,-278.396,0.0212879,0.294889
239500,0,1.49736,-281.096,0.130419,0.242
240000,0,1.53715,-278.15,0.637124,0.259
240500,0,1.53282,-279.479,0.485393,0.314
241000,1,2.61067,-264.394,0.91889,0.488143
241500,1,4.24855,-267.992,0.451007,0.494
242000,0,2.27867,-278.844,0.117873,0.3135
242500,1,-0.246226,-271.778,0.454513,0.312
243000,1,-3.53897,-263.703,3.1487,0.39
243500,1,3.64365,-267.755,0.804371,0.428
244000,1,4.55714,-269.199,0.0900757,0.461
244500,2,5.70993,-268.76,1.74844,0.49
245000,1,3.41702,-265.672,1.04469,0.511
245500,1,3.17392,-266.98,1.52172,0.482
246000,1,2.46233,-270.018,1.70239,0.48
246500,1,2.9604,-268.731,1.51522,0.498
247000,2,0.535988,-268.791,0.377394,0.503444
247500,1,-0.637624,-268.186,0.766495,0.47
248000,1,3.52762,-271.57,0.689548,0.495429
248500,1,2.00288,-269.894,1.18105,0.498
249000,1,4.03123,-271.967,0.381234,0.456
249500,1,4.27763,-268.389,0.403614,0.476
250000,1,0.496941,-265.397,1.38066,0.498
250500,1,2.42721,-268.53,1.37503,0.452
251000,1,3.99643,-270.907,0.13865,0.299667
251500,1,3.42219,-267.844,0.671777,0.514
252000,1,2.97141,-268.91,0.487501,0.502667
252500,1,2.58801,-270.001,2.32034,0.516
253000,1,2.87077,-265.28,1.03465,0.472333
253500,1,2.95886,-271.686,0.67051,0.482
254000,1,3.36747,-270.556,0.502172,0.493
254500,1,2.25812,-271.522,0.836559,0.462
255000,1,2.59725,-268.254,1.24714,0.47825
255500,1,3.96263,-268.612,0.308644,0.484
256000,2,3.38737,-265.168,1.71371,0.4915
256500,2,4.53551,-274.535,0.482472,0.498
257000,1,2.40655,-267.182,0.809604,0.49
257500,1,0.605921,-268.671,1.50455,0.516
258000,1,-0.329168,-270.41,3.6901,0.467
258500,2,2.6858,-267.945,1.11778,0.522
259000,2,4.53182,-265.741,0.914125,0.498
259500,1,4.04177,-267.89,0.201364,0.522
260000,1,3.28506,-267.316,0.951342,0.487125
260500,1,3.22385,-266.44,1.26695,0.45
261000,1,3.24696,-268.044,1.538,0.492917
261500,1,4.77772,-268.016,0.244945,0.484
262000,2,6.55862,-271.712,0.384693,0.475
262500,1,2.92168,-269.322,0.732972,0.474
263000,1,4.04827,-267.344,0.476292,0.47675
263500,1,1.65406,-264.116,2.0334,0.502
264000,1,2.57917,-267.098,1.1665,0.468
264500,1,1.98527,-266.517,1.6599,0.48
265000,1,3.2545,-267.535,0.106231,0.489
265500,1,0.951407,-266.553,0.0208747,0.512
266000,1,2.97326,-264.989,1.18168,0.498
266500,1,2.35645,-265.925,0.189142,0.498
267000,1,3.92041,-269.147,0.626959,0.4754
267500,1,3.9044,-265.77,0.704458,0.482
268000,1,1.85241,-266.235,2.27732,0.481
268500,2,4.1531,-266.156,2.24052,0.518
269000,1,3.78892,-268.523,0.478352,0.514
269500,1,4.04046,-271.466,0.715804,0.486
270000,1,4.08467,-267.619,0.722905,0.468
270500,1,4.10165,-264.967,0.260988,0.53
271000,1,0.217931,-263.413,2.02144,0.488
271500,1,3.64617,-265.881,0.434823,0.472
272000,1,0.732422,-270.34,1.08442,0.495
272500,1,2.98335,-266.094,1.04522,0.454
273000,2,5.45664,-266.164,0.660401,0.476286
273500,1,1.56817,-263.367,0.600923,0.472
274000,1,2.43927,-267.377,2.30495,0.471
274500,1,2.85471,-265.477,1.28292,0.426
275000,1,2.72229,-265.785,1.80069,0.448
275500,1,4.02948,-265.495,0.345021,0.466
276000,1,3.86026,-266.235,0.400375,0.463
276500,1,2.83363,-265.155,1.06525,0.52
277000,1,2.19523,-266.273,1.22741,0.478
277500,1,4.07341,-268.632,0.0972399,0.468
278000,1,2.02923,-267.308,1.70201,0.479
278500,1,2.62698,-266.947,1.62558,0.484
279000,1,-2.72316,-265.208,0.864638,0.488
279500,1,2.90115,-265.9,0.459697,0.474
280000,1,2.54107,-268.29,0.797076,0.419792
280500,1,0.885842,-271.966,1.68086,0.49
281000,1,0.523995,-269.587,2.15967,0.489
281500,1,-2.2136,-269.472,1.67147,0.424
282000,1,3.65271,-270.437,0.426543,0.4729
282500,1,2.88469,-270.054,0.924985,0.506
283000,1,1.41132,-268.78,3.06571,0.498
283500,1,2.15748,-271.196,1.93309,0.522
284000,1,3.36766,-266.213,0.836487,0.501
284500,1,4.15266,-268.602,0.168378,0.498
285000,1,2.45481,-268.033,1.77955,0.482667
285500,1,3.08946,-266.8,0.30343,0.436
286000,1,2.14449,-267.139,1.82969,0.475
286500,1,-1.39016,-266.011,1.34943,0.468
287000,1,2.88292,-267.183,0.980025,0.48
287500,1,1.79026,-265.418,1.03339,0.48
288000,1,3.12801,-267.769,0.419051,0.459
288500,1,2.68537,-266.369,0.938395,0.458
289000,1,3.19391,-266.957,1.13177,0.4874
289500,1,2.86478,-269.356,1.18519,0.464
290000,1,2.08607,-269.088,2.51344,0.475
290500,1,3.16738,-266.491,1.31499,0.536
291000,1,1.48507,-268.357,0.0659377,0.475667
291500,1,2.80774,-269.625,0.469567,0.5
292000,1,3.94239,-269.258,0.532198,0.477167
292500,1,2.41894,-266.064,2.23644,0.46
293000,1,2.96873,-268.522,0.947284,0.4905
293500,1,3.79536,-268.455,0.345106,0.448
294000,1,2.40422,-269.41,0.489879,0.483769
294500,2,5.17496,-265.839,2.39214,0.48
295000,1,1.57994,-264.673,0.502881,0.4934
295500,1,2.55232,-266.083,2.04825,0.452
296000,1,4.27123,-267.201,0.233596,0.476
296500,1,2.53542,-266.786,1.64701,0.502
297000,1,-2.13827,-263.635,3.11995,0.467
297500,1,3.2647,-267.274,0.495383,0.48
298000,1,2.96606,-268.186,2.13127,0.48
298500,2,4.03626,-267.169,0.569748,0.49
299000,2,2.48057,-265.032,1.52222,0.4918
299500,1,3.71622,-268.941,0.795087,0.446
300000,1,2.1193,-267.271,1.22539,0.487
300500,1,1.86899,-266.232,0.664966,0.448
301000,1,1.18941,-264.94,1.68497,0.490222
301500,1,1.9569,-264.331,1.45084,0.442
302000,1,3.5063,-269.546,0.792319,0.45
302500,1,3.94137,-269.203,0.888229,0.498
303000,1,1.69565,-266.601,1.82136,0.486
303500,1,0.431382,-267.26,1.2795,0.464
304000,1,1.90709,-266.919,0.292227,0.482
304500,1,3.37936,-268.218,0.171469,0.472
305000,1,3.54732,-268.177,0.17162,0.485
305500,1,2.6577,-271.476,0.063371,0.476
306000,1,3.90406,-271.672,0.56919,0.475
306500,1,3.05693,-267.311,0.903157,0.494
307000,1,1.61938,-269.481,2.06381,0.486727
307500,2,1.07285,-268.234,0.886437,0.486
308000,1,3.23417,-266.608,0.551669,0.484
308500,1,2.17623,-267.886,1.81534,0.452
309000,1,1.26861,-267.881,2.66101,0.495
309500,1,4.35075,-266.886,0.406202,0.464
310000,1,2.73404,-265.602,1.25097,0.473667
310500,1,2.52972,-266.585,1.24621,0.478
311000,1,1.25676,-266.728,1.61755,0.4805
311500,1,2.78385,-266.431,1.35679,0.48
312000,1,4.04885,-271.979,0.34218,0.48825
312500,1,2.73001,-274.559,1.94921,0.51
313000,1,3.68473,-268.857,1.02601,0.497
313500,1,2.99192,-266.018,0.350232,0.522
314000,1,2.48643,-270.674,1.08961,0.486
314500,1,1.47292,-263.561,0.498895,0.47
315000,1,2.63265,-272.088,1.36302,0.48625
315500,1,3.29985,-266.719,0.641317,0.48
316000,1,3.39502,-265.07,1.15798,0.499
316500,1,2.17708,-265.503,1.13813,0.458
317000,1,2.4317,-270.406,0.833118,0.48025
317500,1,0.0175467,-269.457,1.18804,0.482
318000,1,1.91101,-270.663,0.450676,0.447
318500,1,1.36004,-265.578,0.634875,0.45
319000,1,1.93512,-267.052,0.231888,0.44
319500,1,2.62285,-267.446,0.641968,0.506
320000,1,2.23964,-266.69,1.56578,0.517
320500,1,2.1793,-267.065,0.792618,0.51
321000,1,1.78027,-269.026,0.878494,0.4744
321500,1,2.90852,-269.042,0.607379,0.442
322000,1,2.31544,-265.778,1.65016,0.45
322500,1,-0.211225,-268.607,0.626459,0.47
323000,1,3.06828,-268.712,0.586879,0.465333
323500,1,2.47584,-269.445,1.35283,0.424
324000,1,-0.721063,-269.712,3.08137,0.4741
324500,1,2.0084,-274.114,0.321437,0.454
325000,2,-1.67037,-270.869,1.50623,0.4645
325500,1,2.05219,-266.25,0.0816245,0.436
326000,1,3.9956,-266.913,0.435437,0.475
326500,1,2.53449,-264.377,0.699375,0.476
327000,1,-1.395,-265.168,0.507326,0.468
327500,1,2.61179,-268.058,0.36475,0.48
328000,1,3.03064,-269.859,0.79402,0.442
328500,1,2.04131,-268.789,1.95517,0.502
329000,0,1.84191,-278.178,0.541637,0.407
329500,0,1.35347,-278.445,0.869992,0.31
330000,1,3.02111,-269.172,1.22873,0.4725
330500,1,0.659864,-270.268,1.18614,0.474
331000,1,2.72729,-268.87,0.452925,0.484
331500,1,-0.957503,-269.359,0.827523,0.474
332000,1,0.914748,-270.356,1.99411,0.466
332500,1,2.57496,-273.621,1.25332,0.48
333000,1,-0.623336,-268.26,1.5962,0.467889
333500,1,3.25573,-268.547,0.256452,0.524
334000,1,1.66749,-271.087,0.41561,0.502
334500,2,3.66598,-267.211,1.59032,0.456
335000,1,3.59471,-267.708,0.202464,0.475667
335500,1,2.13798,-271.255,1.0298,0.486
336000,1,2.46762,-268.727,0.68074,0.473154
336500,1,3.45925,-267.137,0.743446,0.49
337000,1,3.48916,-268.998,1.05944,0.493
337500,1,2.18022,-269.078,0.857254,0.458
338000,1,3.20237,-271.107,0.721456,0.462
338500,1,2.72675,-270.751,1.11803,0.438
339000,1,3.67143,-268.237,0.911079,0.47025
339500,1,3.15938,-268.423,0.739177,0.506
340000,1,3.26326,-267.132,1.14005,0.508
340500,1,0.131571,-266.345,1.64656,0.494
341000,2,3.82906,-265.605,0.48349,0.455333
341500,2,3.26289,-269.62,0.977059,0.492
342000,2,2.23795,-265.603,2.18552,0.482
342500,2,4.74017,-265.261,0.387646,0.468
343000,2,2.28397,-266.02,1.43433,0.469
343500,1,1.6931,-269.286,1.16108,0.508
344000,1,0.775189,-269.372,1.96778,0.492
344500,1,-1.31599,-268.843,1.48781,0.468
345000,1,4.54902,-268.404,0.190901,0.4796
345500,1,-0.190568,-269.039,3.57696,0.434
346000,1,2.50446,-267.717,2.01775,0.477417
346500,1,3.81962,-267.822,0.195218,0.48
347000,1,2.56828,-270.818,1.43901,0.4545
347500,1,0.437623,-269.775,2.94658,0.452
348000,1,2.35265,-267.93,1.29072,0.44
348500,1,2.6958,-267.804,0.7551,0.478
349000,1,1.15469,-269.506,0.529154,0.485
349500,1,-3.03665,-265.104,1.57135,0.47
350000,1,1.84741,-266.355,0.568416,0.467
350500,1,1.31336,-268.382,1.66653,0.482
351000,1,2.55767,-268.887,0.95101,0.48
351500,1,2.52225,-267.03,0.340943,0.484
352000,1,-0.703082,-269.186,3.75497,0.45
352500,3,4.56434,-266.031,1.32448,0.466
353000,1,0.262163,-274.248,1.20706,0.477714
353500,1,3.75918,-267.135,0.648727,0.522
354000,2,2.58971,-267.314,2.26451,0.4925
354500,1,3.30937,-269.078,1.3176,0.46
355000,1,3.76812,-266.901,0.813411,0.486
355500,1,1.93508,-264.316,1.01461,0.518
356000,1,3.91409,-266.818,0.303944,0.476
356500,1,2.25488,-268.095,0.527103,0.494
357000,1,2.72924,-264.698,0.32279,0.505
357500,1,3.24013,-266.55,0.846677,0.474
358000,1,2.63982,-266.858,0.966105,0.462
358500,1,2.558,-265.851,0.834671,0.48
359000,1,0.442846,-274.776,1.7369,0.388933
359500,2,3.87829,-268.99,0.820092,0.432
360000,1,3.68682,-268.895,0.248144,0.480857
360500,1,3.56691,-267.556,0.539851,0.468
361000,1,3.57641,-266.934,0.511596,0.499
361500,2,1.14134,-268.311,2.31744,0.522
362000,2,1.33483,-270.907,1.3652,0.492
362500,2,3.39765,-264.883,1.21695,0.494
363000,2,0.132474,-268.189,0.941304,0.502
363500,1,3.25298,-267.757,0.602545,0.55
364000,1,2.53978,-270.281,1.06113,0.5
364500,1,1.55683,-270.912,1.66604,0.516
365000,1,2.59846,-272.063,1.3126,0.474
365500,1,3.40806,-265.933,0.598415,0.428
366000,1,0.0619378,-271.403,1.66906,0.448
366500,1,1.74997,-266.408,0.341579,0.456
367000,1,1.30295,-266.793,2.86561,0.485333
367500,1,2.65557,-270.417,0.857885,0.51
368000,1,3.2825,-267.29,0.521791,0.501
368500,1,2.45121,-268.177,2.36846,0.47
369000,1,1.36231,-269.091,2.76039,0.465
369500,1,1.23262,-266.44,1.45212,0.464
370000,1,3.48469,-271.079,0.448976,0.468818
370500,1,2.08557,-269.363,1.10162,0.458
371000,1,1.96943,-268.452,0.811015,0.473
371500,1,4.37445,-266.695,0.190471,0.466
372000,1,2.97042,-273.01,0.735208,0.460667
372500,1,2.24047,-268.378,1.59964,0.456
373000,1,2.88842,-267.376,0.66221,0.472
373500,2,1.24588,-267.438,3.17469,0.52
374000,1,3.07984,-267.531,0.474974,0.473375
374500,1,2.56978,-270.138,0.958036,0.478
375000,1,3.50986,-267.274,0.676221,0.464
375500,1,2.2515,-271.41,1.04327,0.492
376000,1,2.42656,-266.018,1.67281,0.497667
376500,2,-1.21312,-266.75,2.48993,0.414
377000,1,0.965539,-271.874,1.2245,0.455
377500,2,0.758074,-265.487,0.721471,0.452
378000,2,2.09726,-267.14,2.64432,0.482
378500,1,2.43462,-270.785,0.402217,0.43
379000,1,1.72073,-267.969,0.718321,0.448
379500,1,3.00318,-267.228,1.1139,0.488
380000,1,3.53265,-267.051,0.718745,0.492
380500,1,3.14612,-268.918,0.91679,0.51
381000,1,3.74417,-268.085,0.0575194,0.484
381500,2,4.01389,-268.458,2.27189,0.494
382000,1,3.44545,-268.094,0.594453,0.471211
382500,1,2.68039,-265.878,1.67658,0.422
383000,1,3.07284,-265.126,1.428,0.438
383500,1,1.26281,-268.612,0.575493,0.482
384000,2,1.34103,-267.241,1.09628,0.501667
384500,1,1.80636,-268.845,0.515935,0.484
385000,1,3.12805,-269.749,1.19179,0.4948
385500,1,2.66256,-268.091,1.13813,0.484
386000,1,4.61782,-267.273,0.370927,0.500667
386500,1,2.58632,-264.671,0.525666,0.454
387000,1,3.47357,-266.929,1.26922,0.46
387500,1,1.82695,-266.401,0.238705,0.5
388000,1,4.11399,-266.445,0.195605,0.46775
388500,1,2.18543,-266.913,1.45166,0.508
389000,1,1.50567,-266.498,2.69171,0.478333
389500,1,3.25912,-267.578,1.54556,0.51
390000,1,2.41807,-268.704,1.49048,0.488
390500,1,3.93163,-269.775,0.58784,0.494
391000,1,1.91909,-267.573,0.444229,0.481
391500,1,0.490904,-268.357,2.69809,0.486
392000,1,2.92422,-267.898,0.924365,0.491
392500,1,-3.09709,-264.428,1.3521,0.482
393000,1,0.786886,-264.62,0.605175,0.484
393500,1,3.05663,-266.222,0.956515,0.446
394000,1,1.59339,-270.002,1.45843,0.485714
394500,1,-0.0817588,-267.468,0.146213,0.486
395000,1,3.71481,-264.698,0.153512,0.459
395500,2,3.09472,-266.014,3.067,0.466
396000,1,1.6243,-266.258,0.69329,0.476727
396500,1,1.55112,-268.069,0.763341,0.464
397000,1,3.10089,-267.637,0.69494,0.483
397500,1,1.68025,-268.099,2.61989,0.492
398000,1,1.7832,-271.899,1.27912,0.479667
398500,1,4.11442,-267.494,0.05546,0.49
399000,1,3.56057,-267.89,0.260159,0.484
399500,1,2.56062,-267.997,0.649899,0.436
400000,1,-0.932855,-265.861,0.978023,0.474667
400500,1,2.91463,-266.212,1.11257,0.496
401000,1,-1.50618,-264.395,1.88645,0.47525
401500,1,3.36234,-268.573,0.350283,0.47
402000,1,2.02128,-265.927,0.799383,0.467
402500,1,2.65103,-267.134,1.23771,0.496
403000,1,2.35462,-270.023,1.33421,0.513
403500,1,2.04192,-264.176,0.629284,0.464
404000,1,2.30468,-269.24,0.963328,0.462
404500,1,1.64464,-268.911,0.846645,0.466
405000,1,3.199,-265.962,0.343943,0.474
405500,1,3.31824,-267.533,0.474038,0.498
406000,1,-0.41052,-266.332,0.982331,0.478
406500,1,2.38033,-271.072,0.979737,0.45
407000,1,2.97332,-270.057,0.778203,0.453
407500,1,3.02431,-267.729,0.810157,0.49
408000,1,2.03758,-267.965,0.718564,0.491
408500,1,1.94203,-266.748,1.17718,0.486
409000,1,0.100457,-263.823,1.0159,0.504
409500,1,3.92189,-264.98,0.381833,0.472
410000,1,2.30342,-268.845,0.625349,0.475727
410500,1,3.55074,-267.277,0.711696,0.492
411000,2,0.232297,-265.465,1.37952,0.483545
411500,1,3.76937,-269.532,0.891412,0.51
412000,1,3.20925,-267.324,0.874717,0.51
412500,1,2.48167,-269.814,0.431796,0.446
413000,1,0.665259,-267.083,0.112471,0.483
413500,1,3.02719,-268.021,1.69638,0.512
414000,1,4.61648,-266.858,0.455852,0.51
414500,1,2.48254,-267.971,1.52763,0.468
415000,1,3.49076,-269.706,0.724351,0.472
415500,1,0.804357,-268.811,1.40059,0.516
416000,0,1.83614,-277.004,0.742285,0.426933
416500,0,2.28072,-279.141,0.263874,0.268
417000,0,2.10048,-277.587,0.448467,0.297
417500,0,1.87032,-277.375,0.69035,0.34
418000,0,2.19754,-278.383,0.180963,0.328
418500,0,2.03289,-277.445,0.413714,0.308
419000,1,-0.327743,-267.664,2.20074,0.491
419500,2,1.9777,-267.621,0.990137,0.454
420000,2,2.48342,-263.774,0.889692,0.454
420500,1,2.96578,-268.414,0.522378,0.46
421000,1,2.9239,-270.094,1.49961,0.473
421500,1,3.01057,-267.635,1.02953,0.472
422000,0,2.43349,-279.116,0.107617,0.31
422500,0,2.1935,-277.881,0.369416,0.328
423000,1,0.83079,-266.234,1.80938,0.473
423500,1,3.80144,-265.904,0.641399,0.424
424000,1,2.65511,-267.559,0.325896,0.466
424500,1,-0.958389,-269.387,0.839435,0.492
425000,0,0.192708,-277.119,2.43402,0.294667
425500,0,1.92645,-277.74,0.668393,0.32
426000,0,2.01447,-277.617,0.444952,0.325353
426500,0,0.712983,-279.223,1.41047,0.266
427000,0,1.46277,-277.73,0.882345,0.265
427500,0,1.80333,-277.043,0.714191,0.31
428000,0,2.3761,-277.283,0.0480339,0.303
428500,0,1.89207,-281.07,0.116306,0.252
429000,0,1.56735,-278.574,0.300116,0.24
429500,0,1.96591,-278.307,0.0340951,0.268
430000,0,2.31224,-279.055,0.270354,0.32715
430500,0,1.5398,-278.122,0.713755,0.31
431000,0,2.28725,-277.317,0.166653,0.2775
431500,0,2.29367,-279.118,0.271504,0.314
432000,0,2.16841,-277.69,0.0946493,0.317
432500,0,0.917584,-278.005,1.08342,0.272
433000,0,2.36506,-277.716,0.163878,0.3035
433500,0,2.40109,-277.728,0.164993,0.3
434000,1,2.9867,-268.086,0.466366,0.4764
434500,1,3.52172,-270.263,0.255437,0.462
435000,1,3.74436,-267.405,0.333005,0.45
435500,1,4.15496,-266.139,0.189533,0.49
436000,1,3.49817,-266.09,0.847204,0.471
436500,1,2.49476,-267.886,1.12609,0.484
437000,1,2.42362,-265.545,1.30854,0.481
437500,1,2.90917,-267.128,1.03371,0.486
438000,2,3.60334,-267.416,2.32244,0.49
438500,1,-0.867833,-265.218,3.22563,0.454
439000,0,2.58231,-277.225,0.0537765,0.31175
439500,0,2.21273,-279.806,0.287973,0.326
440000,0,2.42064,-279.624,0.110333,0.311
440500,0,1.4369,-280.275,0.234561,0.328
441000,0,-0.380098,-277.89,0.117016,0.309
441500,0,2.49657,-278.42,0.153787,0.356
442000,0,2.11807,-277.562,0.421666,0.423
442500,0,1.94241,-277.878,0.40594,0.5
443000,1,1.59927,-269.913,0.838513,0.488
443500,1,0.676069,-264.989,1.16795,0.498
444000,1,1.32656,-266.538,1.6511,0.471
444500,1,2.45943,-266.84,1.39655,0.462
445000,1,1.64466,-266.756,1.94148,0.476
445500,1,3.99386,-266.306,0.0776088,0.462
446000,1,4.04065,-272.32,0.368396,0.47
446500,1,3.35859,-265.775,1.11145,0.516
447000,1,2.82023,-268.448,0.361985,0.514
447500,1,1.58711,-265.53,0.729412,0.434
448000,1,2.55625,-267.194,0.480377,0.354867
448500,1,2.16893,-266.812,0.56756,0.478
449000,2,0.645653,-265.275,0.730608,0.527
449500,1,1.87347,-269.242,1.09656,0.472
450000,1,3.10778,-268.759,0.88037,0.484
450500,1,2.65554,-268.239,0.524548,0.442
451000,1,2.12432,-267.577,0.125264,0.4705
451500,1,0.924182,-268.259,1.27787,0.496
452000,2,1.9317,-267.169,1.40685,0.51
452500,1,2.07093,-265.982,0.771948,0.484
453000,1,3.30419,-266.371,0.789217,0.473
453500,1,2.343,-268.68,1.29855,0.49
454000,1,3.35037,-265.529,0.47967,0.487
454500,1,2.65938,-271.68,1.80171,0.492
455000,1,2.33474,-269.858,2.41342,0.485
455500,1,4.29803,-266.755,0.560302,0.47
456000,1,3.62975,-270.971,1.09604,0.459
456500,2,4.91681,-272.634,0.843122,0.516
457000,1,3.81682,-266.962,0.946325,0.507
457500,1,2.61767,-272.105,2.35492,0.532
458000,1,2.46924,-267.468,1.70899,0.506
458500,1,3.37371,-268.935,0.337043,0.426
459000,1,2.64606,-268.068,1.00763,0.454
459500,2,3.50193,-267.455,1.3059,0.498
460000,1,2.26628,-266.825,0.763922,0.382429
460500,1,3.71619,-264.52,0.451019,0.47
461000,1,2.78791,-268.513,0.628667,0.48
461500,1,3.81103,-268.599,1.0199,0.506
462000,1,3.71539,-265.79,0.506156,0.498
462500,2,4.65995,-264.744,0.639016,0.456
463000,1,3.56241,-268.349,0.239395,0.47625
463500,1,3.71626,-268.622,0.969071,0.472
464000,1,3.89829,-266.115,0.52144,0.473
464500,1,2.49798,-267.222,1.59391,0.532
465000,1,2.69597,-267.986,0.778362,0.525
465500,2,3.24836,-264.981,0.296418,0.464
466000,2,2.84832,-268.884,0.862654,0.495
466500,2,5.04922,-268.504,0.48886,0.536
467000,2,2.71094,-266.65,1.57738,0.541
467500,2,4.12397,-264.969,1.33898,0.496
468000,2,4.60277,-266.053,0.647593,0.489
468500,2,2.93695,-267.249,0.278194,0.532
469000,1,-0.524087,-267.883,1.78169,0.486053
469500,1,-0.0263635,-267.738,2.2768,0.45
470000,2,1.79431,-267.333,0.353562,0.474
470500,2,0.13545,-267.392,1.42418,0.486
471000,0,1.95347,-279.054,0.127846,0.311931
471500,0,1.51867,-279.81,0.199317,0.246
472000,1,2.98807,-267.599,0.623529,0.4972
472500,1,4.18512,-267.299,0.109213,0.476
473000,1,3.39832,-269.13,0.950783,0.48
473500,1,1.53951,-266.374,2.77451,0.466
474000,1,2.35745,-269.039,0.840146,0.49
474500,2,1.57204,-267.006,1.86861,0.524
475000,2,1.95613,-268.279,1.06691,0.52
475500,1,3.52338,-269.412,0.0522603,0.516
476000,1,3.63239,-266.858,0.360792,0.4855
476500,1,2.34661,-265.659,1.45686,0.502
477000,0,1.81201,-277.012,0.736059,0.275167
477500,0,1.7655,-277.71,0.815943,0.338
478000,0,1.96393,-278.19,0.590915,0.317
478500,2,3.8347,-267.955,2.31027,0.428
479000,1,1.58218,-268.882,2.3215,0.498667
479500,1,2.92399,-267.559,1.07338,0.496
480000,1,2.48563,-265.585,1.06301,0.468
480500,1,2.93822,-270.271,0.784009,0.496
481000,1,2.3226,-264.844,2.5612,0.490667
481500,1,2.35463,-266.292,1.89917,0.502
482000,2,4.26428,-268.428,1.0789,0.503
482500,1,0.691813,-265.704,1.42484,0.506
483000,1,3.55237,-265.665,0.163493,0.511
483500,1,-0.907786,-268.973,3.04815,0.456
484000,2,4.85085,-265.923,1.9458,0.483625
484500,1,3.65996,-267.517,0.771936,0.48
485000,1,2.05822,-268.211,1.37176,0.5
485500,1,3.8585,-267.976,0.100419,0.486
486000,1,1.96511,-268.132,2.2855,0.481667
486500,1,3.78719,-269.075,0.659328,0.468
487000,1,4.09636,-266.612,0.129645,0.48325
487500,1,3.97188,-268.512,0.50279,0.5
488000,1,4.15555,-267.526,0.199047,0.479667
488500,1,2.7695,-268.744,1.68752,0.446
489000,1,3.73985,-267.27,0.467004,0.464
489500,1,1.89008,-269.23,2.09038,0.51
490000,1,1.65346,-270.968,1.19772,0.476
490500,1,3.16014,-270.604,0.758331,0.44
491000,1,2.46728,-267.478,0.433182,0.4682
491500,1,3.69218,-268.579,0.498857,0.498
492000,1,2.45432,-267.054,1.45622,0.48
492500,1,2.95476,-267.352,1.63252,0.466
493000,1,3.99338,-268.4,0.112209,0.472
493500,1,4.04707,-269.611,0.1937,0.478
494000,2,3.88254,-268.818,1.26646,0.478
494500,1,1.12177,-268.221,2.48272,0.426
495000,1,3.22617,-269.459,1.47664,0.47075
495500,1,2.73829,-272.144,0.199005,0.444
496000,1,3.48543,-269.231,0.859695,0.478
496500,1,2.29327,-266.993,1.21435,0.504
497000,1,-0.290447,-267.939,3.23997,0.504
497500,1,2.45958,-266.41,1.51571,0.486
498000,1,0.0941481,-270.354,2.87847,0.485
498500,1,-0.46128,-265.801,0.417699,0.424
499000,1,3.2966,-267.7,1.01815,0.474222
499500,1,4.40258,-268.709,0.0556702,0.488
500000,2,4.95579,-269.675,0.486213,0.49
500500,1,3.04071,-268.472,1.13357,0.504
501000,1,3.00101,-266.446,0.953347,0.477
501500,1,1.64064,-270.977,1.34335,0.45
502000,1,2.06701,-267.099,2.01854,0.458
502500,1,3.58511,-268.298,0.704033,0.454
503000,1,2.73535,-271.127,2.07077,0.477
503500,1,2.84629,-267.685,1.09236,0.496
504000,2,1.2759,-266.64,0.937961,0.472154
504500,2,0.154008,-266.365,2.31044,0.48
505000,2,3.71659,-266.598,1.86825,0.464
505500,1,4.10441,-268.001,0.0484896,0.5
506000,1,4.20346,-267.387,0.408306,0.491
506500,1,3.08217,-266.15,1.15117,0.508
507000,1,3.97711,-266.138,0.931307,0.514
507500,1,3.51338,-266.28,1.05406,0.478
508000,1,3.27895,-266.946,0.346124,0.514
508500,1,2.12523,-263.647,0.951285,0.492
509000,1,0.845717,-269.783,2.90066,0.474
509500,1,1.42838,-268.257,1.77364,0.434
510000,1,2.36062,-264.488,1.84048,0.480286
510500,1,3.11196,-268.188,1.66616,0.466
511000,2,-1.34964,-264.814,2.35154,0.468882
511500,2,2.4117,-263.253,1.39369,0.484
512000,3,2.12227,-267.476,4.13474,0.474
512500,2,2.73693,-262.055,1.47428,0.526
513000,1,3.36481,-265.865,0.852954,0.476333
513500,1,0.451807,-270.549,3.12555,0.45
514000,1,0.938644,-265.887,2.67295,0.455
514500,1,3.40229,-270.045,0.230857,0.45
515000,1,3.48084,-267.329,0.998921,0.466
515500,1,1.83582,-265.29,1.66199,0.418
516000,1,3.55354,-267.422,0.30245,0.5015
516500,1,1.27816,-269.121,1.20872,0.432
517000,1,0.987285,-269.262,0.386749,0.418
517500,1,2.86852,-269.904,0.3929,0.464
518000,1,2.70099,-269.196,1.0763,0.451
518500,1,1.63495,-266.246,2.51425,0.458
519000,1,0.868528,-266.072,0.125324,0.482
519500,1,2.49202,-266.973,0.447971,0.442
520000,1,-0.438977,-272.091,2.45028,0.471
520500,1,3.93895,-266.463,0.774058,0.436
521000,1,1.81572,-266.651,1.84399,0.474636
521500,1,1.12373,-266.603,0.534453,0.424
522000,1,1.91386,-270.01,2.52959,0.4755
522500,1,3.11941,-267.027,1.51008,0.518
523000,1,2.74629,-268.275,0.818842,0.503
523500,1,0.954665,-266.811,1.24138,0.496
524000,2,2.58211,-265.366,0.898113,0.506
524500,3,6.49919,-268.69,2.13119,0.506
525000,1,3.91704,-271.722,0.297076,0.495
525500,1,4.33301,-270.431,0.445299,0.5
526000,1,3.84898,-268.072,0.597261,0.484
526500,1,3.46588,-271.082,0.767308,0.452
527000,1,2.60376,-267.083,0.317277,0.480667
527500,1,2.09308,-268.273,0.481299,0.422
528000,1,2.64291,-268.045,0.304729,0.436
528500,1,1.9287,-269.017,0.775881,0.488
529000,1,2.00029,-267.986,1.34192,0.481333
529500,1,2.5836,-267.537,1.1187,0.444
530000,1,2.22585,-267.001,0.269437,0.45
530500,1,2.20118,-268.855,0.838057,0.476
531000,0,2.52186,-278.726,0.00400691,0.469818
531500,0,2.03807,-279.309,0.146112,0.306
532000,0,1.6377,-278.563,0.220097,0.273
532500,0,0.391445,-278.38,1.53488,0.29
533000,0,1.34462,-280.021,0.894977,0.264
533500,0,0.680346,-277.677,1.75778,0.226
534000,0,1.38968,-278.508,0.983737,0.244
534500,0,1.5117,-277.388,0.953581,0.328
535000,0,2.46019,-277.419,0.000908473,0.305
535500,0,2.31648,-277.544,0.260175,0.328
536000,2,4.21704,-266.849,0.967329,0.461375
536500,2,4.88443,-268.599,1.01512,0.512
537000,2,2.89588,-265.289,1.57589,0.509
537500,1,3.0197,-269.429,0.871313,0.462
538000,1,3.46927,-269.555,0.171338,0.463
538500,2,3.95636,-266.549,2.74722,0.492
539000,1,2.96301,-270.735,1.04828,0.481222
539500,1,2.79362,-266.54,1.52642,0.442
540000,1,2.62972,-267.798,0.588874,0.475286
540500,1,3.33037,-267.639,0.963746,0.484
541000,2,2.38444,-266.595,1.74996,0.482
541500,1,3.55074,-269.178,1.02166,0.46
542000,1,1.34983,-268.659,2.17037,0.468
542500,1,3.19671,-268.618,0.942873,0.518
543000,1,4.05446,-267.732,0.467913,0.484
543500,1,3.22814,-267.219,0.601598,0.438
544000,1,3.55631,-270.159,0.543642,0.456
544500,1,3.47247,-266.405,0.496984,0.468
545000,2,3.56004,-265.214,0.992842,0.49
545500,2,4.94149,-267.008,0.406947,0.508
546000,1,3.2458,-270.51,1.16183,0.488
546500,1,4.34496,-267.893,0.22801,0.43
547000,1,3.35463,-267.164,0.511676,0.457
547500,1,2.22496,-267.413,1.52982,0.46
548000,1,3.39132,-267.78,0.542622,0.453
548500,2,1.8069,-266.263,1.70765,0.494
549000,2,3.64826,-266.796,0.70184,0.489143
549500,2,0.790995,-264.108,3.52719,0.5
550000,1,1.06221,-264.763,1.04848,0.488
550500,1,3.4851,-266.128,0.683212,0.482
551000,2,3.38864,-264.915,1.14084,0.505
551500,2,-0.940925,-264.858,0.880378,0.478
552000,1,3.07104,-268.577,0.958368,0.488
552500,1,1.93551,-267.386,2.60912,0.51
553000,1,0.696556,-269.665,1.7238,0.529
553500,1,-1.08392,-266.142,0.743704,0.486
554000,1,2.04535,-267.021,0.995684,0.49075
554500,1,2.54475,-271.4,1.19203,0.44
555000,1,-0.959038,-265.431,2.11535,0.474
555500,1,3.60467,-270.558,0.629188,0.468
556000,1,-1.39208,-266.088,4.20902,0.488273
556500,1,3.23835,-266.956,0.545954,0.456
557000,1,2.65314,-265.025,1.1632,0.464
557500,1,3.0683,-266.428,0.187734,0.49
558000,1,2.51796,-270.154,0.718259,0.474
558500,1,2.52846,-267.488,0.0932464,0.458
559000,1,4.19257,-266.304,0.443745,0.47
559500,1,3.36051,-265.851,1.0496,0.472
560000,1,2.48997,-266.963,1.99374,0.485
560500,1,1.53476,-267.532,1.31841,0.44
561000,1,0.561581,-268.114,0.985993,0.476
561500,1,4.18984,-267.91,0.204409,0.484
562000,1,4.10599,-268.725,0.531146,0.47
562500,1,1.65479,-267.656,2.29776,0.536
563000,1,1.60426,-266.115,1.56742,0.504
563500,1,-0.596608,-265.816,0.361744,0.494
564000,1,0.287137,-265.175,2.01342,0.476
564500,1,-0.82182,-264.928,1.07933,0.486
565000,1,1.668,-266.732,0.907114,0.451
565500,1,2.81106,-268.936,1.1779,0.48
566000,1,2.24239,-266.182,1.47568,0.449129
566500,1,1.01713,-270.73,1.30609,0.464
567000,1,0.961884,-267.468,1.2788,0.495846
567500,1,2.55859,-267.831,1.50875,0.47
568000,1,1.31927,-267.298,1.24891,0.4495
568500,1,1.13786,-265.665,0.742298,0.514
569000,1,3.54356,-272.06,0.882301,0.505
569500,1,3.67446,-268.131,0.767501,0.464
570000,1,3.36408,-270.194,0.561737,0.456
570500,1,0.222021,-268.889,1.82935,0.49
571000,1,2.18049,-269.825,1.20545,0.475
571500,1,2.79234,-268.22,0.718579,0.476
572000,1,-0.5184,-264.509,0.790765,0.4632
572500,1,1.99073,-267.254,0.68657,0.464
573000,1,2.39053,-267.123,0.720507,0.47
573500,1,2.92469,-267.557,0.990136,0.46
574000,1,3.0989,-267.653,0.673318,0.485308
574500,1,3.11669,-266.772,0.648016,0.496
575000,2,3.26902,-270.426,2.84312,0.48
575500,1,2.60332,-267.673,1.17566,0.424
576000,1,2.35627,-265.944,1.52115,0.44
576500,1,2.46094,-266.83,0.221869,0.43
577000,1,1.05252,-267.729,2.22674,0.443
577500,1,2.78965,-268.048,1.02225,0.444
578000,1,2.97103,-269.765,0.545835,0.485
578500,1,3.0717,-267.758,1.62536,0.484
579000,1,3.12597,-268.437,0.327699,0.478
579500,1,2.49658,-269.801,1.80243,0.462
580000,1,3.31733,-271.697,0.346465,0.455
580500,1,2.27732,-266.299,0.374212,0.43
581000,1,2.10902,-267.831,1.33369,0.467
581500,1,3.58922,-267.166,0.535647,0.45
582000,1,3.44456,-270.063,0.828395,0.459
582500,1,3.99291,-268.43,0.347519,0.5
583000,1,1.87887,-264.371,0.603146,0.463667
583500,1,2.91578,-266.327,0.239234,0.45
584000,1,3.08943,-268.873,1.11309,0.466
584500,1,3.28496,-273.172,0.937114,0.478
585000,1,4.11688,-270.02,0.557354,0.49
585500,1,3.28987,-264.5,0.345524,0.476
586000,2,-0.341195,-264.316,4.66329,0.485
586500,2,2.14226,-266.706,1.40699,0.516
587000,1,2.07495,-267.06,0.95967,0.47425
587500,1,3.06991,-265.524,0.468095,0.412
588000,1,3.75114,-270.296,1.01878,0.4816
588500,1,3.7336,-268.53,0.984689,0.5
589000,1,2.80129,-268.863,1.3242,0.4775
589500,1,2.12127,-268.729,1.01307,0.468
590000,1,3.73856,-267.194,0.62324,0.466
590500,1,-1.3828,-265.605,1.70565,0.512
591000,1,2.79065,-269.375,0.630331,0.489
591500,1,0.496377,-270.349,3.13359,0.426
592000,1,2.42169,-267.059,1.40832,0.451
592500,1,2.41925,-269.277,1.76733,0.5
593000,1,2.50963,-264.642,0.586275,0.466
593500,2,2.1476,-264.451,2.72451,0.464
594000,1,2.50703,-266.01,1.76208,0.475333
594500,1,3.78667,-266.444,0.278804,0.448
595000,1,3.75109,-267.846,0.476968,0.4575
595500,1,1.89604,-274.952,1.55489,0.49
596000,1,3.02703,-270.041,1.07518,0.476
596500,1,3.33469,-266.909,0.599693,0.496
597000,2,2.76862,-269.276,1.59832,0.49
597500,1,3.36886,-270.645,0.666615,0.446
598000,1,2.84959,-268.458,1.76077,0.48125
598500,1,3.10444,-269.054,0.318347,0.444
599000,1,0.749854,-268.597,1.68267,0.478273
599500,1,2.73666,-267.849,0.196329,0.45
600000,1,2.14482,-268.97,1.13611,0.466
600500,1,2.57042,-268.857,1.35824,0.46
601000,1,3.27347,-270.868,1.03855,0.472
601500,1,-0.161961,-264.523,0.630318,0.492
602000,1,3.37825,-268.745,0.811157,0.48025
602500,1,3.05738,-269.972,0.923189,0.478
603000,1,2.82727,-269.616,0.976078,0.477
603500,1,1.39328,-268.704,0.712064,0.47
604000,1,1.10823,-270.596,0.940081,0.45
604500,1,-0.0942192,-264.911,2.00946,0.48
605000,1,2.75245,-270.26,1.68756,0.489
605500,1,4.31494,-266.264,0.67944,0.508
606000,1,2.71031,-267.647,0.752756,0.519
606500,1,1.51147,-269.813,0.154292,0.45
607000,1,1.94857,-272.28,0.978533,0.476667
607500,1,0.678062,-267.399,2.74322,0.478
608000,1,2.46837,-267.064,0.402972,0.477
608500,1,1.43351,-269.42,0.112517,0.494
609000,1,-1.85445,-272.433,0.22446,0.456
609500,1,-0.167054,-271.054,1.85047,0.456
610000,1,2.49469,-268.057,0.125865,0.449
610500,1,3.00355,-267.959,0.706556,0.46
611000,1,-0.966654,-265.808,0.18477,0.442
611500,1,2.99678,-267.262,1.41704,0.506
612000,1,0.455476,-268.289,0.508535,0.475333
612500,1,1.43621,-268.559,0.712861,0.446
613000,1,3.28512,-271.237,0.526297,0.451
613500,1,-0.386612,-269.44,1.26949,0.492
614000,1,0.886661,-267.405,0.950957,0.506
614500,1,1.3861,-263.999,0.258734,0.438
615000,1,1.51101,-265.484,1.2085,0.446
615500,1,1.51607,-268.839,0.557874,0.552
616000,1,1.16034,-270.007,1.11087,0.506
616500,1,2.66934,-267.672,0.319473,0.47
617000,1,3.29258,-269.45,0.361173,0.479
617500,1,4.4257,-265.445,0.0633158,0.514
618000,1,3.37757,-267.44,0.894685,0.496
618500,1,2.74381,-269.335,1.96986,0.484
619000,1,2.92076,-267.194,0.338711,0.481125
619500,1,2.48607,-269.026,1.05981,0.46
620000,1,2.85672,-266.857,2.05056,0.485478
620500,1,4.11985,-268.606,0.607522,0.518
621000,2,3.9967,-266.946,1.63636,0.51
621500,1,4.05683,-267.845,0.982189,0.506
622000,2,3.85109,-269.935,1.50979,0.479393
622500,1,2.86879,-268.482,1.44313,0.488
623000,1,3.78585,-269.805,0.628541,0.487
623500,1,2.11831,-267.996,1.30104,0.472
624000,1,2.56015,-266.72,1.19919,0.495
624500,1,-1.41827,-270.65,1.36113,0.524
625000,1,2.20042,-265.693,1.12758,0.491
625500,1,1.35012,-270.309,1.18525,0.432
626000,1,0.360901,-270.234,0.761685,0.4676
626500,1,3.15358,-267.233,0.658684,0.468
627000,1,2.88891,-268.648,1.32322,0.487556
627500,1,2.78083,-268.771,0.800893,0.45
628000,1,2.02037,-269.267,0.797619,0.481444
628500,2,2.8555,-267.304,1.09013,0.512
629000,1,3.6711,-265.229,0.101404,0.4525
629500,1,3.28229,-264.866,0.575637,0.506
630000,1,1.73278,-267.255,1.81593,0.478
630500,1,4.18209,-268.374,0.359559,0.5
631000,1,3.54052,-266.497,0.122958,0.497
631500,1,3.56979,-266.981,0.438448,0.508
632000,1,2.59925,-266.714,1.17392,0.467143
632500,1,2.25902,-267.21,0.648222,0.476
633000,1,1.91651,-267.73,2.13844,0.487
633500,1,3.18998,-266.34,1.60847,0.482
634000,1,3.18095,-268.342,0.384381,0.502
634500,1,2.91375,-267.162,1.89146,0.496
635000,1,0.136474,-268.361,1.91732,0.479429
635500,1,1.74408,-267.7,0.710218,0.47
636000,1,3.11593,-268.616,0.309835,0.474714
636500,1,2.33657,-268.634,1.89281,0.488
637000,2,3.52397,-265.906,1.57621,0.477
637500,1,2.32669,-268.738,0.452231,0.492
638000,1,2.04938,-268.961,1.08865,0.45
638500,1,2.30892,-268.73,1.06402,0.452
639000,1,3.80622,-264.441,0.114196,0.445
639500,1,0.908847,-265.73,0.830437,0.482
640000,1,3.56154,-266.952,0.392085,0.472
640500,1,1.21246,-270.314,1.30579,0.51
641000,1,-0.27068,-268.664,3.07257,0.4698
641500,1,2.43321,-270.748,0.601011,0.402
642000,1,2.93805,-266.765,0.60624,0.424
642500,1,0.355402,-264.725,2.74156,0.444
643000,1,2.49475,-266.178,1.37536,0.477
643500,1,1.88582,-267.752,0.940237,0.438
644000,1,1.83307,-270.48,1.41392,0.471333
644500,1,2.92915,-268.307,0.56005,0.45
645000,1,-0.392473,-268.497,1.36466,0.476455
645500,1,3.68337,-272.88,0.185307,0.446
646000,1,2.31852,-269.28,0.231806,0.47775
646500,1,0.82663,-268.845,1.5422,0.452
647000,1,3.46975,-268.517,0.234367,0.49425
647500,1,3.2789,-268.325,0.57015,0.474
648000,1,3.06214,-266.969,0.895535,0.485
648500,1,2.01215,-267.035,1.64169,0.494
649000,1,0.264494,-267.381,0.359136,0.4745
649500,1,1.69866,-264.889,0.86491,0.47
650000,1,3.17014,-268.424,0.871685,0.475333
650500,1,2.90708,-269.244,0.538668,0.464
651000,1,3.23619,-266.862,1.65326,0.488
651500,1,3.29862,-266.513,1.55939,0.53
652000,1,3.30965,-266.622,0.906739,0.486667
652500,1,3.5478,-271.765,0.859051,0.514
653000,2,4.5682,-269.028,1.22629,0.508
653500,2,3.07692,-271.33,1.71403,0.498
654000,1,4.67006,-272.84,0.220742,0.482
654500,1,1.03593,-269.415,1.58692,0.502
655000,1,2.83571,-268.623,0.80209,0.468
655500,1,1.7902,-272.165,0.498162,0.482
656000,1,3.35748,-268.343,1.29346,0.473125
656500,1,3.4798,-268.954,0.257194,0.48
657000,1,3.97726,-267.554,0.0781453,0.4785
657500,1,3.56452,-267.369,0.920064,0.462
658000,1,3.0563,-266.852,1.69659,0.472
658500,1,3.67729,-267.733,1.05022,0.486
659000,1,0.870134,-269.262,0.934449,0.487667
659500,1,1.80756,-269.758,1.51272,0.5
660000,1,4.20366,-266.675,0.288952,0.487
660500,1,3.06508,-267.204,0.787441,0.448
661000,1,2.50267,-268.18,0.96888,0.480333
661500,1,2.43537,-267.137,0.401793,0.476
662000,1,1.56821,-266.937,1.81611,0.4625
662500,1,3.26404,-267.997,0.364564,0.48
663000,1,3.90543,-265.799,0.292926,0.477
663500,1,2.55895,-267.869,1.76461,0.496
664000,1,1.30754,-271.203,1.25553,0.472
664500,1,3.06437,-264.996,0.173494,0.472
665000,1,1.62466,-267.811,1.08501,0.475
665500,1,3.37226,-267.452,0.608529,0.478
666000,1,2.64831,-271.297,1.12695,0.465
666500,1,1.96713,-266.511,0.4604,0.482
667000,1,2.37386,-269.104,0.546922,0.464
667500,1,2.29847,-264.899,0.569946,0.5
668000,1,4.00833,-265.476,0.773147,0.484
668500,1,3.54194,-265.381,0.875551,0.436
669000,1,3.25377,-269.311,1.53707,0.491333
669500,1,2.03408,-269.82,1.3259,0.54
670000,1,0.776344,-269.853,2.25503,0.54
670500,1,2.46894,-271.464,1.34719,0.526
671000,1,3.2373,-272.299,1.063,0.505
671500,1,3.53654,-270.578,1.47452,0.492
672000,1,3.3826,-268.67,0.487638,0.47675
672500,1,2.67758,-268.541,1.98433,0.502
673000,2,-1.40147,-268.462,2.86866,0.501
673500,1,3.44391,-266.47,0.956019,0.498
674000,1,3.9784,-271.295,1.03152,0.505667
674500,1,3.7906,-267.223,1.23214,0.498
675000,1,3.38493,-270.245,0.76051,0.479231
675500,1,4.30413,-269.384,0.363534,0.466
676000,1,3.16604,-266.721,1.09495,0.489
676500,1,1.88349,-272.605,0.490985,0.502
677000,1,4.32396,-268.842,0.169633,0.485
677500,1,2.30392,-268.787,0.801041,0.48
678000,1,1.13537,-269.115,0.96359,0.462
678500,1,2.12119,-264.969,0.631104,0.468
679000,1,1.61218,-271.013,0.635414,0.464
679500,1,2.64252,-270.534,0.312814,0.464
680000,1,2.45549,-266.521,1.27259,0.434
680500,1,2.44407,-269.091,1.47678,0.48
681000,1,2.63518,-265,1.03517,0.4763
681500,1,2.0761,-266.426,0.128766,0.414
682000,1,1.76469,-266.328,0.85305,0.446
682500,1,3.74625,-267.699,0.25854,0.42
683000,1,2.61739,-268.327,0.563618,0.432
683500,1,0.858189,-272.624,0.96778,0.448
684000,2,3.65147,-269.989,1.16975,0.49775
684500,2,7.01279,-267.914,0.362358,0.55
685000,1,3.23204,-268.621,0.224235,0.481818
685500,1,4.05553,-268.226,0.247113,0.492
686000,1,1.97111,-268.937,2.24446,0.495
686500,1,3.38462,-266.629,0.205046,0.488
687000,1,3.80388,-266.787,0.29061,0.477
687500,1,3.1542,-267.113,1.80206,0.454
688000,1,2.31023,-269.044,1.65816,0.483
688500,1,2.53889,-269.876,1.66985,0.422
689000,1,3.67739,-269.493,0.124551,0.4838
689500,1,3.3562,-266.633,1.30974,0.51
690000,1,1.77089,-278.369,3.23463,0.496
690500,1,1.34271,-265.708,3.28106,0.484
691000,1,2.65926,-270.16,0.800906,0.461
691500,1,1.45999,-269.841,1.36312,0.466
692000,1,3.04555,-270.035,1.33016,0.482444
692500,1,2.45253,-267.269,1.33838,0.458
693000,1,3.51617,-271.72,0.617525,0.478
693500,1,2.09208,-268.221,1.7063,0.478
694000,2,1.51461,-267.388,3.42645,0.460667
694500,1,2.1756,-267.456,0.716821,0.528
695000,0,1.81671,-278.352,0.716328,0.431667
695500,0,2.19608,-278.625,0.368753,0.368
696000,0,2.04818,-278.784,0.457125,0.332
696500,0,2.19808,-277.151,0.231124,0.336
697000,0,1.50651,-277.406,1.10721,0.328
697500,0,0.705647,-278.238,0.894777,0.348
698000,0,2.11493,-277.919,0.444402,0.351
698500,0,1.24484,-277.305,0.044648,0.332
699000,1,2.17299,-267.811,1.60978,0.387
699500,2,4.74432,-266.491,1.16437,0.478
700000,2,0.529044,-266.827,1.12833,0.465857
700500,1,3.26018,-269.94,0.786133,0.514
701000,1,3.62739,-271.461,0.191012,0.511
701500,1,4.0819,-269.232,0.126176,0.534
702000,1,1.6431,-269.041,2.37716,0.517
702500,1,3.8834,-269.531,0.766411,0.496
703000,2,3.13178,-272.319,1.33171,0.482444
703500,1,1.44318,-268.597,0.445927,0.466
704000,1,1.6366,-267.944,0.55793,0.482
704500,1,2.14367,-266.748,1.56307,0.49
705000,1,2.00249,-266.759,1.80229,0.472
705500,1,2.0362,-266.224,0.117514,0.466
706000,1,0.787815,-265.666,0.506321,0.484
706500,1,0.915985,-268.187,0.40362,0.47
707000,2,-2.50461,-266.508,1.43735,0.484875
707500,2,-1.61163,-265.358,1.4131,0.518
708000,1,3.93313,-269.194,0.827788,0.47795
708500,1,1.11235,-272.21,0.926676,0.456
709000,1,0.501591,-263.941,1.73383,0.481
709500,1,4.06824,-265.812,0.61334,0.458
710000,1,3.39853,-266.311,1.45357,0.468
710500,1,3.03976,-269.297,1.16119,0.458
711000,1,4.44504,-271.331,0.0529313,0.452
711500,1,0.455553,-268.019,0.170613,0.514
712000,1,3.18638,-266.696,1.14024,0.474
712500,1,3.19274,-267.99,1.05123,0.478
713000,1,3.80845,-267.464,0.227028,0.4805
713500,1,-0.367001,-266.616,2.29195,0.508
714000,1,3.9731,-266.574,0.578865,0.4785
714500,1,3.7417,-266.506,0.136515,0.484
715000,1,1.43671,-267.972,1.24142,0.49
715500,1,4.45711,-266.968,0.269626,0.482
716000,1,2.95381,-271.295,1.66219,0.4815
716500,1,4.52888,-272.023,0.0997064,0.54
717000,1,3.24046,-270.745,1.15222,0.522
717500,1,2.61186,-268.65,1.70638,0.478
718000,1,3.89374,-266.907,0.984238,0.484
718500,1,3.23804,-267.423,0.896274,0.494
719000,2,6.44487,-267.617,0.927828,0.492
719500,1,4.3019,-268.025,0.262069,0.484
720000,1,2.67882,-267.954,1.34014,0.488
720500,1,2.53279,-267.536,0.667323,0.506
721000,1,3.51355,-267.921,0.400274,0.493
721500,1,2.79481,-269.732,1.54013,0.456
722000,2,4.56033,-266.806,1.63113,0.458
722500,2,2.64473,-265.251,3.10966,0.508
723000,1,3.57369,-267.298,0.28678,0.4856
723500,1,0.292405,-266.634,0.536073,0.47
724000,1,0.800402,-268.231,1.22396,0.476
724500,1,1.28981,-264.008,1.3949,0.464
725000,1,3.31552,-266.218,0.988084,0.488
725500,1,2.74735,-265.306,1.26414,0.468
726000,1,2.41994,-267.507,0.897571,0.466
726500,1,-0.0163503,-265.779,1.04146,0.458
727000,1,3.20764,-269.742,0.610528,0.498417
727500,1,3.32589,-267.617,0.35676,0.434
728000,1,3.07535,-268.259,1.48462,0.471
728500,1,3.82595,-266.433,0.764969,0.458
729000,1,2.37003,-266.351,1.81988,0.469
729500,1,2.95895,-267.577,0.379922,0.492
730000,0,2.48511,-277.924,0.0994539,0.349348
730500,0,1.7678,-280.188,0.386828,0.358
731000,1,-0.958457,-267.695,1.88184,0.4716
731500,1,-0.550519,-265.343,1.43945,0.506
732000,1,3.12934,-269.844,0.825181,0.4846
732500,1,2.42163,-268.191,1.67009,0.516
733000,1,-1.63499,-271.459,3.29993,0.458
733500,1,2.28044,-267.681,0.752005,0.472
734000,0,1.71377,-277.295,0.88824,0.33
734500,0,2.6467,-279.773,0.0519114,0.326
735000,1,2.56197,-265,1.09361,0.471333
735500,1,1.73295,-267.478,1.47484,0.456
736000,1,2.26896,-267.125,2.48345,0.449
736500,2,-1.41488,-265.538,1.47186,0.48
737000,1,2.94271,-265.758,0.455506,0.488
737500,1,3.30242,-265.689,1.22256,0.478
738000,1,3.14308,-267.822,0.83513,0.467
738500,1,3.00904,-270.121,1.56825,0.524
739000,1,3.55434,-268.821,0.77368,0.496
739500,1,1.7072,-266.551,1.75304,0.488
740000,1,2.28978,-265.444,1.33401,0.479
740500,1,2.09445,-268.558,1.02448,0.488
741000,1,1.37952,-265.823,1.20991,0.473
741500,1,2.1983,-268.754,1.2471,0.496
742000,1,2.19913,-266.679,1.33258,0.493
742500,1,4.21455,-266.953,0.267579,0.506
743000,1,3.39064,-270,0.3842,0.485636
743500,1,-1.24101,-266.769,0.386452,0.444
744000,1,2.64707,-266.6,0.471136,0.471
744500,1,2.26423,-265.648,2.07198,0.5
745000,1,3.44918,-268.28,0.107887,0.479417
745500,1,-0.161181,-268.786,1.2741,0.46
746000,1,4.27393,-267.307,0.605473,0.4965
746500,1,3.04019,-266.787,0.912159,0.518
747000,1,0.745036,-265.908,1.47966,0.487
747500,1,2.07169,-266.789,1.5869,0.462
748000,2,3.1501,-265.82,0.215601,0.481667
748500,1,0.0861677,-270.12,1.44996,0.45
749000,1,1.05509,-266.493,2.57983,0.47575
749500,1,-0.329645,-263.057,0.2266,0.428
750000,1,1.09234,-267.367,0.812362,0.471
750500,2,1.35333,-267.938,2.12792,0.508
751000,1,1.85174,-269.205,1.13488,0.495
751500,1,2.29384,-268.363,0.934678,0.436
752000,1,1.40992,-270.789,1.60965,0.447
752500,1,4.8259,-268.502,0.208056,0.518
753000,1,2.80469,-267.298,1.03139,0.4725
753500,1,0.281803,-267.84,1.87725,0.506
754000,1,3.14746,-267.688,0.316912,0.5
754500,1,2.33289,-270.09,1.24865,0.474
755000,1,-0.154276,-263.455,0.408078,0.496667
755500,1,3.44893,-269.597,0.190823,0.468
756000,1,1.83658,-266.061,0.781146,0.467
756500,1,2.41489,-270.282,1.10415,0.448
757000,1,3.10991,-270.085,0.156916,0.432261
757500,1,3.34131,-268.976,0.543325,0.474
758000,1,2.33445,-267.966,0.979093,0.462
758500,2,5.66033,-264.469,0.675986,0.53
759000,1,1.98066,-274.871,0.842789,0.535
759500,1,3.77108,-268.341,0.843308,0.498
760000,1,1.72325,-271.473,1.08438,0.492
760500,1,1.84504,-270.202,0.365336,0.408
761000,1,-2.22325,-271.943,2.19737,0.411
761500,1,1.32215,-267.52,0.433002,0.488
762000,1,4.87404,-267.998,0.0330382,0.479714
762500,1,2.44725,-267.8,1.43997,0.51
763000,1,3.72128,-268.048,0.156694,0.532
763500,1,3.45235,-269.843,0.274455,0.49
764000,1,2.09214,-266.423,0.674108,0.493
764500,1,1.27041,-265.914,0.234547,0.46
765000,1,0.919157,-266.55,2.16178,0.478222
765500,1,1.57384,-267.623,1.65276,0.52
766000,1,1.95116,-269.419,0.301034,0.5
766500,1,0.960479,-266.181,1.70954,0.458
767000,1,4.25389,-267.244,0.695507,0.461
767500,1,3.96178,-266.804,0.910997,0.52
768000,1,2.34429,-264.462,0.506637,0.506
768500,1,1.36606,-264.212,1.35171,0.484
769000,1,3.45603,-268.759,0.564164,0.475
769500,1,3.01454,-275.054,0.527698,0.468
770000,1,3.25759,-265.946,0.878201,0.47425
770500,1,-0.145734,-265.399,1.04645,0.488
771000,1,3.46022,-270.536,0.758919,0.468
771500,1,3.62439,-268.884,0.295388,0.468
772000,1,3.15987,-266.394,0.882697,0.477455
772500,1,2.91461,-267.32,0.825222,0.516
773000,1,3.83974,-269.525,0.157905,0.488
773500,1,3.17447,-266.418,0.695868,0.464
774000,1,2.81995,-268.045,0.682571,0.447
774500,1,3.76019,-271.053,0.375898,0.474
775000,1,3.69564,-269.293,0.331534,0.481905
775500,1,3.87683,-268.482,0.0734996,0.472
776000,1,4.00378,-265.502,0.70371,0.473167
776500,1,3.30008,-264.96,1.32217,0.488
777000,1,2.16045,-267.892,0.257954,0.489
777500,1,3.51348,-265.614,0.330454,0.478
778000,1,2.69538,-265.477,0.743319,0.49
778500,1,2.88556,-266.207,0.233243,0.49
779000,1,0.775572,-268.91,1.07174,0.476
779500,1,0.469829,-268.554,0.199595,0.45
780000,1,3.94078,-265.3,0.224649,0.4792
780500,1,3.3333,-267.494,0.0636595,0.49
781000,1,0.833496,-265.366,0.550625,0.454
781500,1,-6.22913,-263.972,3.8247,0.472
782000,1,2.46855,-269.608,0.858695,0.468
782500,1,0.487728,-267.597,1.45987,0.464
783000,1,2.73714,-270.181,1.32417,0.48
783500,1,3.31096,-266.452,0.534386,0.476
784000,1,3.50721,-267.309,0.811744,0.47
784500,1,3.92399,-265.46,0.105661,0.448
785000,1,2.32898,-269.12,0.17403,0.476
785500,1,2.6615,-269.656,1.07483,0.51
786000,1,3.33999,-268.511,0.914963,0.496
786500,1,-0.699294,-267.71,1.84092,0.52
787000,2,2.04982,-266.333,1.4223,0.505
787500,2,1.89317,-266.21,1.84443,0.502
788000,1,3.45265,-268.501,0.921727,0.472167
788500,1,3.98062,-271.786,0.453002,0.498
789000,1,-0.438126,-266.826,3.41375,0.476389
789500,1,-0.33188,-266.707,3.28195,0.448
790000,2,2.68247,-269.588,1.04645,0.479636
790500,2,2.94349,-264.169,1.8532,0.522
791000,2,1.21604,-266.326,1.89887,0.529
791500,2,1.60489,-265.742,2.55485,0.548
792000,2,5.18244,-262.137,1.19751,0.531
792500,2,2.58774,-261.277,0.70401,0.532
793000,2,2.7473,-265.682,3.32407,0.526
793500,1,1.47536,-267.761,1.43516,0.536
794000,1,3.16148,-267.15,0.223703,0.506
794500,1,3.03036,-268.632,0.95057,0.424
795000,1,0.857052,-266.84,1.21954,0.437
795500,2,4.21125,-263.494,0.632587,0.48
796000,2,5.59409,-262.45,0.249352,0.474778
796500,1,3.73443,-266.783,0.20046,0.51
797000,1,1.82547,-270.655,0.697316,0.501
797500,1,-0.526629,-268.181,1.12931,0.488
798000,1,2.15389,-267.721,0.677004,0.482
798500,1,1.00684,-266.944,2.86051,0.516
799000,1,2.80587,-273.059,0.54349,0.4615
799500,1,3.03975,-266.313,1.3061,0.452
800000,1,2.01941,-268.382,0.722704,0.461
800500,2,4.69944,-267.973,0.439094,0.494
801000,1,3.40775,-267.774,1.03525,0.483692
801500,1,2.74369,-269.792,1.1429,0.494
802000,1,3.52126,-267.027,0.815936,0.4985
802500,1,3.84391,-267.111,0.585335,0.518
803000,1,4.09499,-268.848,0.297768,0.5
803500,1,3.87239,-267.16,0.313318,0.478
804000,1,2.64928,-269.35,1.3934,0.477
804500,1,3.0322,-267.172,0.999469,0.45
805000,1,2.62884,-268.777,1.20295,0.490667
805500,1,1.4245,-266.312,2.25993,0.494
806000,1,2.1521,-267.824,1.69435,0.473
806500,1,2.8852,-267.082,1.22476,0.45
807000,1,1.16119,-267.752,2.29001,0.479
807500,1,0.655805,-268.945,3.65997,0.48
808000,1,1.78305,-266.429,2.03748,0.4844
808500,1,1.81529,-265.748,1.30411,0.492
809000,1,3.17246,-268.425,0.231431,0.490125
809500,1,1.11326,-269.135,2.48595,0.438
810000,1,2.63228,-267.796,0.605764,0.463
810500,1,3.35906,-267.871,0.412848,0.464
811000,1,2.42278,-270.785,0.678342,0.481571
811500,1,1.45688,-270.304,0.522845,0.454
812000,1,2.24099,-269.113,1.03861,0.459
812500,2,3.2265,-272.461,2.0498,0.5
813000,1,2.9205,-269.292,0.119408,0.496333
813500,1,2.18732,-267.649,1.32325,0.468
814000,1,-1.868,-264.542,0.417784,0.475
814500,1,2.28653,-268.057,1.54693,0.458
815000,2,2.13464,-268.208,1.01957,0.444
815500,1,3.77444,-265.7,0.139628,0.474
816000,1,1.00993,-267.181,1.51808,0.477
816500,1,3.89869,-267.654,0.284744,0.468
817000,1,3.30061,-265.703,0.35035,0.47225
817500,2,3.46697,-262.43,0.906501,0.484
818000,1,2.9285,-266.421,0.966969,0.464
818500,1,3.25324,-272.375,0.2745,0.478
819000,1,2.8255,-264.68,1.25273,0.468
819500,1,3.00271,-269.152,0.272666,0.458
820000,1,2.98042,-269.785,0.363362,0.455
820500,1,1.42457,-270.098,1.34144,0.502
821000,1,1.47971,-268.011,1.63997,0.476
821500,1,3.06242,-271.708,0.202052,0.464
822000,1,1.37376,-270.726,0.914424,0.483
822500,1,2.24382,-267.658,1.40697,0.486
823000,1,3.10598,-269.755,0.47398,0.475571
823500,1,3.70879,-267.89,1.06584,0.464
824000,1,3.84753,-267.729,0.325993,0.477
824500,1,1.71421,-267.342,0.806343,0.486
825000,1,3.04379,-267.471,1.45619,0.465
825500,1,4.24398,-267.355,0.580392,0.492
826000,1,0.65778,-266.941,3.16023,0.474
826500,1,2.40083,-269.083,0.389366,0.464
827000,1,4.10364,-269.216,0.220529,0.478059
827500,2,2.77417,-269.705,1.54074,0.506
828000,1,2.10436,-270.045,1.49306,0.495
828500,1,4.3903,-268.154,0.2646,0.47
829000,1,3.53514,-266.814,1.23072,0.472143
829500,1,3.91752,-269.705,0.262362,0.446
830000,1,4.79096,-266.976,0.0330562,0.508
830500,1,3.66509,-269,1.18962,0.524
831000,2,3.88239,-267.51,0.924661,0.485
831500,1,1.90979,-266.72,0.957584,0.452
832000,1,2.52214,-264.79,1.21878,0.457
832500,1,3.72137,-272.944,0.97878,0.49
833000,1,0.878292,-265.297,0.877121,0.481
833500,1,1.82378,-266.444,3.01222,0.448
834000,1,2.80904,-266.27,0.776844,0.471833
834500,2,-4.87623,-263.606,1.46621,0.502
835000,3,-6.03844,-263.07,3.77479,0.496
835500,3,2.9863,-264.588,0.637849,0.54
836000,1,1.28541,-266.922,2.92043,0.4824
836500,1,-1.34864,-269.444,2.02168,0.49
837000,1,0.237504,-267.87,0.676544,0.477
837500,1,1.08384,-266.539,1.70243,0.464
838000,0,2.15268,-277.463,0.39762,0.399077
838500,0,1.72991,-279.738,0.548794,0.278
839000,0,-0.265382,-277.816,2.56944,0.268
839500,0,1.93936,-279.971,0.475486,0.252
840000,0,1.10337,-277.018,1.49406,0.281
840500,0,1.37492,-278.308,0.729521,0.298
841000,1,3.51649,-268.953,0.904438,0.485667
841500,1,4.12217,-269.94,0.665146,0.498
842000,1,4.31584,-272.12,0.772103,0.472
842500,1,3.41323,-270.068,1.65577,0.482
843000,1,1.75316,-269.219,0.450767,0.481833
843500,1,-1.69189,-270.669,3.3315,0.46
844000,1,1.54485,-267.65,0.729508,0.479636
844500,1,3.50303,-268.511,0.665473,0.504
845000,2,2.78071,-269.093,0.786847,0.517
845500,1,2.61369,-267.536,1.27958,0.496
846000,1,2.01168,-266.463,0.922086,0.491333
846500,1,0.962964,-267.649,0.435235,0.45
847000,1,2.35798,-266.538,0.480434,0.299857
847500,1,0.24124,-267.566,1.48751,0.446
848000,1,3.7267,-267.606,0.232819,0.473
848500,1,3.55218,-268.153,1.3438,0.496
849000,1,4.14879,-265.909,0.365391,0.484714
849500,1,3.62012,-268.215,1.21379,0.492
850000,1,3.63387,-272.549,0.56213,0.506
850500,1,3.77623,-267.152,0.687514,0.49
851000,1,2.17776,-266.376,1.74073,0.493
851500,1,3.54132,-266.145,0.331217,0.522
852000,1,3.93457,-267.495,0.16438,0.4905
852500,1,2.4617,-268.084,1.69693,0.532
853000,2,2.94777,-265.541,1.97377,0.52
853500,1,3.59168,-269.124,0.157055,0.482
854000,1,2.21347,-265.097,0.799372,0.487667
854500,1,3.31698,-267.32,0.546986,0.442
855000,1,3.62119,-267.269,0.255256,0.469
855500,1,2.86374,-266.219,1.54375,0.52
856000,1,1.83019,-265.34,2.10619,0.492182
856500,1,3.32089,-266.68,0.889612,0.488
857000,1,2.28824,-266.916,1.18913,0.491
857500,1,2.15656,-269.068,0.450327,0.514
858000,1,3.97684,-269.755,0.0595512,0.490909
858500,1,3.45443,-267.654,0.515813,0.422
859000,1,3.19041,-268.455,0.756584,0.4875
859500,1,2.89916,-267.022,1.32978,0.488
860000,1,1.6905,-264.49,1.10078,0.491
860500,1,1.4437,-264.07,0.994122,0.506
861000,1,0.973406,-268.24,2.89769,0.5
861500,1,3.00044,-269.674,0.827525,0.524
862000,1,3.39995,-267.083,1.10668,0.489
862500,1,2.5481,-267.068,0.924816,0.472
863000,1,1.19482,-266.049,1.49489,0.487
863500,1,2.73081,-271.722,1.12802,0.476
864000,1,4.39322,-268.74,0.360611,0.499
864500,1,1.80141,-265.778,1.9921,0.47
865000,1,2.1614,-273.899,0.762222,0.486
865500,1,3.08306,-269.398,0.309195,0.418
866000,1,3.78438,-267.535,0.226926,0.468625
866500,1,1.29492,-269.446,0.339698,0.46
867000,1,3.31287,-268.952,0.997253,0.469
867500,1,3.30693,-267.335,1.29796,0.462
868000,1,3.48195,-265.837,0.198034,0.462
868500,1,3.92363,-266.626,0.264233,0.528
869000,1,2.5262,-267.629,0.134609,0.505
869500,1,2.04285,-266.995,0.827517,0.464
870000,1,3.09631,-267.272,0.994074,0.4575
870500,1,3.08507,-269.252,0.995436,0.438
871000,1,3.58638,-267.429,0.446107,0.478063
871500,1,2.72176,-269.143,0.369708,0.474
872000,1,2.43636,-268.636,1.48835,0.479
872500,1,2.71229,-266.794,0.450502,0.506
873000,1,2.8618,-267.234,0.38145,0.497
873500,1,2.96128,-270.094,1.54666,0.438
874000,1,4.21462,-267.857,0.534312,0.496
874500,1,3.28196,-267.407,1.33621,0.454
875000,1,2.58056,-264.914,0.400111,0.466
875500,1,1.44137,-266.308,0.930093,0.462
876000,1,2.39502,-269.788,1.26304,0.471
876500,1,2.23283,-269.89,1.92446,0.51
877000,1,3.1263,-269.204,0.744553,0.51
877500,1,3.22522,-268.235,0.891454,0.498
878000,1,2.93229,-266.707,1.05815,0.485625
878500,1,1.51659,-266.905,0.738749,0.514
879000,1,2.50896,-266.15,0.470003,0.4995
879500,1,3.48251,-267.056,1.22549,0.424
880000,1,1.15706,-266.461,1.68757,0.4778
880500,1,3.01194,-268.255,0.991904,0.48
881000,1,1.86378,-263.635,1.30474,0.48
881500,1,4.62142,-267.851,0.482015,0.508
882000,1,3.1276,-270.358,0.728308,0.48325
882500,1,1.3857,-267.439,2.42446,0.448
883000,1,0.981464,-266.302,0.947836,0.361214
883500,1,1.81645,-267.433,0.733844,0.472
884000,2,1.89236,-272.281,2.26363,0.507
884500,1,2.92201,-269.987,0.522042,0.556
885000,1,-2.44486,-265.099,1.2727,0.4475
885500,1,2.72159,-267.731,0.90483,0.514
886000,1,2.44573,-266.622,2.16528,0.5245
886500,1,3.00754,-267.119,1.55153,0.494
887000,2,1.97975,-262.061,1.01885,0.5
887500,2,3.24718,-266.373,2.08746,0.528
888000,1,-0.770122,-266.72,1.65094,0.54
888500,1,-0.936079,-265.586,0.979138,0.458
889000,1,2.34749,-266.172,1.61494,0.487
889500,0,2.41673,-277.284,0.021686,0.526
890000,1,2.42747,-266.083,0.690134,0.4932
890500,1,1.20377,-268.527,0.916413,0.5
891000,1,0.239295,-266.231,1.09262,0.426
891500,1,0.710987,-264.713,1.82974,0.438
892000,1,2.07116,-267.975,0.425339,0.455
892500,1,0.314738,-269.628,1.37499,0.446
893000,1,3.27324,-267.323,0.554434,0.477
893500,1,3.96015,-266.56,0.34291,0.53
894000,1,2.09217,-265.753,1.33736,0.50625
894500,1,0.694241,-264.282,1.47332,0.474
895000,1,4.24941,-267.006,0.0932473,0.504231
895500,1,3.10018,-267.415,1.36079,0.498
896000,1,3.69033,-270.437,0.860043,0.507
896500,1,2.63427,-266.086,0.837431,0.438
897000,1,-0.784632,-269.52,0.921187,0.463
897500,1,2.61952,-267.817,0.735438,0.428
898000,1,-0.594218,-264.776,0.612245,0.429105
898500,1,2.25168,-268.927,0.289261,0.464
899000,1,2.34673,-269.031,1.69675,0.452
899500,1,1.73631,-267.292,1.08847,0.502
900000,1,2.54366,-266.638,0.790244,0.4805
900500,1,2.21014,-266.832,0.507612,0.498
901000,1,1.50072,-268.284,0.662581,0.492
901500,1,1.96989,-267.493,0.74022,0.486
902000,1,2.88042,-268.807,1.53956,0.496778
902500,1,3.57878,-265.64,0.311633,0.502
903000,1,3.78614,-266.937,0.882641,0.4825
903500,1,4.4617,-267.955,0.375856,0.462
904000,1,3.3931,-267.917,1.34848,0.474
904500,2,5.77704,-267.479,0.871689,0.508
905000,1,2.00548,-267.604,2.10535,0.47625
905500,1,2.81526,-270.706,0.39011,0.506
906000,1,1.09391,-266.565,1.56042,0.494286
906500,2,3.62948,-266.145,0.660133,0.52
907000,1,2.45173,-267.774,0.638079,0.497333
907500,1,2.80715,-267.31,0.95916,0.492
908000,1,3.17589,-266.965,0.628563,0.481
908500,1,3.97443,-269.54,0.732148,0.484
909000,1,4.13269,-269.415,0.870685,0.498333
909500,1,4.32556,-269.152,0.264069,0.486
910000,1,1.99831,-267.801,0.370796,0.483
910500,1,4.45101,-267.977,0.228609,0.494
911000,2,0.913599,-266.067,1.77677,0.496
911500,1,2.7804,-268.23,0.543077,0.47
912000,1,3.03474,-268.225,1.15976,0.467
912500,1,3.48448,-267.358,0.557245,0.504
913000,2,0.972856,-266.136,2.55401,0.465
913500,2,1.52862,-264.755,1.61201,0.5
914000,1,2.80855,-266.169,0.618746,0.477444
914500,1,2.01493,-268.448,0.511932,0.476
915000,2,2.84437,-266.173,0.504239,0.4925
915500,1,2.9051,-267.861,0.292227,0.482
916000,1,0.580817,-266.332,2.09483,0.493
916500,1,0.400928,-268.357,2.18379,0.442
917000,1,1.18056,-268.663,2.50645,0.481333
917500,2,2.20631,-268.305,2.45771,0.492
918000,1,1.5274,-268.64,1.62877,0.47225
918500,1,2.38394,-266.368,1.71698,0.536
919000,1,2.58683,-265.599,1.52774,0.4905
919500,1,2.72299,-266.218,1.04917,0.52
920000,2,2.52362,-268.29,0.452185,0.474
920500,1,3.56377,-266.963,1.19361,0.474
921000,1,3.9551,-271.503,0.253385,0.502
921500,1,1.12612,-269.02,1.37834,0.482
922000,2,4.1224,-268.408,1.10011,0.491
922500,1,3.60663,-271.719,0.190649,0.446
923000,1,3.8631,-271.923,0.804154,0.457
923500,1,3.98799,-268.604,0.622441,0.496
924000,1,3.25958,-268.79,0.28413,0.483045
924500,1,3.46891,-269.167,0.640798,0.456
925000,1,3.64049,-266.849,0.607106,0.5045
925500,1,2.60435,-269.281,0.805325,0.49
926000,1,2.99793,-265.813,0.134058,0.49
926500,1,2.36801,-265.842,0.468101,0.472
927000,1,3.56741,-268.116,1.35511,0.481
927500,1,4.05612,-275.289,0.382629,0.504
928000,1,1.29718,-268.134,3.1227,0.478083
928500,1,3.20217,-272.623,0.169615,0.482
929000,1,4.31804,-269.129,0.452902,0.502
929500,1,4.7994,-268.134,0.113043,0.5
930000,1,3.74666,-264.538,0.428725,0.469
930500,1,1.55311,-266.924,1.26266,0.462
931000,1,1.93545,-270.716,1.132,0.47
931500,1,1.74849,-265.937,1.65159,0.426
932000,1,3.32689,-268.254,0.156666,0.436
932500,1,2.70728,-268.254,0.494488,0.448
933000,1,0.934462,-268.972,1.69386,0.449
933500,1,2.29701,-271.354,0.94022,0.468
934000,1,2.8403,-270.076,0.782008,0.4685
934500,1,1.92214,-272.792,1.21468,0.44
935000,2,1.81788,-269.801,2.04947,0.4805
935500,1,3.09388,-265.478,0.214066,0.538
936000,1,-0.791168,-264.061,1.58403,0.507
936500,1,-0.717967,-267.061,2.3727,0.452
937000,1,4.10078,-268.06,0.293276,0.468
937500,1,4.07957,-265.799,0.337996,0.426
938000,2,5.42923,-266.773,1.31256,0.445
938500,1,1.535,-265.868,2.69151,0.508
939000,1,2.31047,-269.448,1.26624,0.4694
939500,1,1.9403,-267.182,0.721449,0.474
940000,1,4.10528,-266.28,0.131261,0.499
940500,1,2.67742,-269.929,1.80754,0.518
941000,2,4.59968,-269.036,0.726248,0.5
941500,2,3.96819,-267.214,1.11931,0.462
942000,2,4.60064,-269.339,0.999047,0.492667
942500,1,1.38057,-273.204,0.829908,0.464
943000,2,2.0657,-267.052,1.8901,0.486
943500,1,2.66489,-266.231,1.69855,0.43
944000,1,3.80908,-267.903,0.84557,0.446
944500,1,1.774,-267.73,0.381153,0.468
945000,1,2.96322,-265.337,0.899391,0.46
945500,2,2.08355,-268.264,1.11904,0.524
946000,1,2.08976,-268.363,1.67636,0.471
946500,2,3.38328,-270.19,0.920705,0.562
947000,1,2.77259,-269.249,0.428755,0.512
947500,1,1.447,-267.864,1.90342,0.444
948000,1,3.36305,-268.185,0.385278,0.446
948500,2,4.15384,-264.287,1.03057,0.498
949000,1,3.82471,-268.19,0.455782,0.493
949500,1,4.47496,-267.85,0.423139,0.472
950000,1,3.64963,-272.368,0.410079,0.4918
950500,1,4.26956,-268.226,0.679568,0.52
951000,1,3.14164,-271.168,0.312292,0.516
951500,1,3.70209,-267.279,0.741068,0.5
952000,1,2.54102,-270.556,0.639303,0.502
952500,1,-0.877323,-267.177,1.31161,0.466
953000,2,3.5388,-266.385,1.08544,0.526
953500,2,3.22685,-268.021,1.90423,0.524
954000,1,2.91207,-266.495,0.549632,0.5
954500,1,4.39921,-270.847,0.186527,0.474
955000,1,2.84219,-267.106,2.19893,0.494
955500,1,3.79516,-268.825,0.534151,0.478
956000,1,3.40562,-267.722,0.743179,0.487
956500,1,2.22727,-269.393,2.21085,0.51
957000,1,1.21984,-266.833,1.43875,0.4795
957500,1,1.23434,-269.743,3.07805,0.508
958000,2,4.43219,-262.176,0.567626,0.506
958500,2,4.29477,-265.631,0.484068,0.546
959000,3,5.51912,-264.48,2.62171,0.525
959500,1,1.33433,-266.636,0.489587,0.5
960000,1,2.5515,-267.234,1.38423,0.506333
960500,1,3.89068,-268.78,0.531793,0.496
961000,1,3.29033,-268.057,1.256,0.496
961500,1,4.31318,-266.857,0.656302,0.476
962000,1,3.83782,-268.66,0.668521,0.499
962500,1,2.53371,-267.094,1.20391,0.476
963000,1,2.52645,-268.23,0.257831,0.502
963500,1,2.19413,-269.871,0.596208,0.448
964000,1,4.18703,-266.76,0.364822,0.486956
964500,1,2.87549,-267.139,1.12812,0.47
965000,1,2.94696,-267.031,0.694682,0.4565
965500,1,4.10855,-271.015,0.277205,0.438
966000,2,1.25726,-266.349,2.25265,0.479
966500,1,1.38868,-265.905,2.70303,0.462
967000,1,1.59771,-271.813,2.14536,0.471
967500,1,3.6933,-265.677,0.358416,0.504
968000,1,3.92559,-266.722,0.417126,0.486
968500,1,3.52218,-266.317,0.974749,0.422
969000,1,2.83203,-268.907,0.920246,0.479357
969500,1,2.97796,-269.765,0.550843,0.524
970000,1,1.40073,-269.986,1.33445,0.498
970500,1,1.0418,-266.291,1.73978,0.48
971000,1,3.79652,-271.922,0.562429,0.482
971500,1,3.72457,-267.315,0.288535,0.474
972000,1,2.3119,-268.458,0.931376,0.4828
972500,1,2.20753,-269.505,1.12303,0.482
973000,1,1.39836,-265.832,1.81787,0.464
973500,1,2.9375,-267.229,0.563074,0.508
974000,1,3.47529,-269.529,1.24127,0.482333
974500,2,3.02661,-266.789,1.16694,0.5
975000,1,4.33932,-268.728,0.181455,0.482812
975500,1,3.00739,-266.322,0.579381,0.47
976000,1,2.85884,-268.273,1.71063,0.479875
976500,1,2.87561,-268.822,1.61346,0.518
977000,1,3.18004,-268.745,1.1113,0.488
977500,1,3.21499,-267.254,0.781343,0.476
978000,1,4.1726,-268.375,0.714621,0.484
978500,1,3.82955,-268.842,0.498311,0.488
979000,1,1.44453,-269.833,0.890053,0.495
979500,1,-0.550564,-271.368,2.64226,0.472
980000,1,3.18028,-270.406,0.332272,0.479143
980500,1,1.03021,-264.394,1.7726,0.484
981000,1,4.18281,-268.137,0.664938,0.485
981500,1,3.81425,-266.995,0.644896,0.53
982000,1,3.27865,-268.031,0.786805,0.497857
982500,1,0.963276,-269.451,0.894425,0.42
983000,1,0.424524,-267.966,0.471994,0.4925
983500,1,3.85909,-267.605,0.304976,0.454
984000,1,-0.248908,-266.229,4.16657,0.485
984500,1,2.57502,-265.635,0.835383,0.478
985000,2,-0.397135,-267.378,1.42233,0.4775
985500,1,4.65283,-268.969,0.0410634,0.52
986000,1,2.47009,-266.447,0.954425,0.501
986500,1,2.6991,-269.538,1.51832,0.458
987000,1,3.4292,-264.597,0.165387,0.458
987500,1,3.69614,-266.319,0.30852,0.484
988000,1,3.82769,-265.899,0.600732,0.471
988500,1,4.0038,-272.329,0.883586,0.522
989000,1,2.33301,-267.254,1.71609,0.481286
989500,1,3.45237,-267.405,0.543196,0.424
990000,1,1.18624,-267.609,2.38159,0.479091
990500,1,0.619621,-266.947,1.77582,0.478
991000,1,2.12176,-265.268,1.34941,0.501714
991500,1,0.718145,-266.553,2.77221,0.476
992000,1,1.30074,-270.414,2.42992,0.475
992500,1,4.37109,-266.316,0.148669,0.456
993000,1,3.67332,-266.993,1.13931,0.492
993500,1,3.08532,-269.056,1.32268,0.502
994000,1,3.62893,-267.877,0.521536,0.491
994500,2,4.28051,-270.724,2.10735,0.516
995000,1,0.53948,-268.132,0.0828906,0.526
995500,1,4.07075,-269.24,0.631912,0.458
996000,1,4.94937,-267.899,0.0390604,0.496
996500,1,1.22096,-266.627,3.09478,0.528
997000,1,2.88041,-265.562,0.671732,0.473
997500,1,3.37863,-269.456,0.242167,0.452
998000,2,4.99789,-273.227,0.997409,0.471
998500,1,1.23299,-265.991,0.413671,0.502
999000,1,3.61163,-267.336,0.573704,0.502667
999500,1,1.24684,-273.243,2.51128,0.482
